DATASET_EXTERNALSHAPE
SEPARATOR SPACE
DATASET_LABEL PRO_community_top15_noPRO4
COLOR #ff7f00
FIELD_COLORS #FF0A54 #D7FF00 #007BFF #FFD500 #00BFFF #FF008A #A600FF #FF9100 #00FF4B #E600FF #A7FF00 #FF5768 #00F8FF #5A00FF #FF6F3C
FIELD_LABELS PRO_community_7 PRO_community_0 PRO_community_51 PRO_community_6 PRO_community_54 PRO_community_33 PRO_community_14 PRO_community_1 PRO_community_19 PRO_community_26 PRO_community_45 PRO_community_58 PRO_community_38 PRO_community_2 PRO_community_44
FIELD_SHAPES 4 4 4 4 4 4 4 4 4 4 4 4 4 4 4
SHAPE_SPACING 2
SHAPE_TYPE 2
COLOR_FILL 1
HORIZONTAL_GRID 0
VERTICAL_GRID 0
SHOW_VALUES 0
LEGEND_TITLE Prophage_community_(top15,_PROcom4_excluded)
LEGEND_SHAPES 4 4 4 4 4 4 4 4 4 4 4 4 4 4 4
LEGEND_COLORS #FF0A54 #D7FF00 #007BFF #FFD500 #00BFFF #FF008A #A600FF #FF9100 #00FF4B #E600FF #A7FF00 #FF5768 #00F8FF #5A00FF #FF6F3C
LEGEND_LABELS PRO_community_7 PRO_community_0 PRO_community_51 PRO_community_6 PRO_community_54 PRO_community_33 PRO_community_14 PRO_community_1 PRO_community_19 PRO_community_26 PRO_community_45 PRO_community_58 PRO_community_38 PRO_community_2 PRO_community_44
DATA
1005041.3 0 1 0 0 0 0 0 0 0 0 0 0 0 0 0
1005042.3 0 0 0 0 0 0 0 0 0 1 0 0 0 0 0
1007064.3 1 0 0 0 0 0 0 0 0 1 0 0 0 0 0
1214151.3 0 1 1 0 0 0 0 0 0 0 0 0 0 0 0
1214151.4 0 1 1 0 0 0 0 0 2 0 0 0 0 0 0
1214169.3 0 1 0 1 0 0 0 0 0 0 0 0 0 0 0
1214176.3 1 0 0 0 0 0 0 0 0 0 0 0 0 0 0
1214179.4 0 0 0 0 1 0 0 0 0 0 0 0 0 0 0
1214182.3 0 1 0 0 0 0 0 0 0 0 0 0 0 0 0
1214185.3 0 0 0 0 0 0 0 0 0 0 1 0 0 0 0
1214187.3 0 0 0 0 0 0 0 1 0 0 0 0 0 0 0
1214191.3 1 0 0 0 0 0 0 0 0 0 0 0 0 0 0
1214196.3 0 0 0 0 0 0 1 0 0 0 0 0 0 0 0
1214198.3 0 0 0 0 0 0 1 0 0 0 0 0 0 0 0
1214201.3 1 0 0 0 0 0 0 0 0 0 0 0 0 0 0
1214202.3 0 0 0 0 0 0 1 0 0 0 0 0 0 1 0
1214214.3 0 0 1 0 0 0 0 0 0 0 0 0 0 0 0
1246365.4 0 0 0 0 0 1 0 0 0 0 0 0 0 0 0
1276647.3 0 0 0 0 0 0 0 0 0 0 0 0 0 1 0
1307.1317 1 0 0 0 0 0 0 0 0 1 0 0 0 0 0
1307.1367 0 0 0 0 0 0 0 1 0 0 0 0 0 0 0
1307.1369 1 0 0 0 0 0 0 0 0 0 0 0 0 0 0
1307.1379 0 0 0 0 0 0 0 1 0 0 0 0 0 0 0
1307.1386 0 0 0 0 0 0 0 1 0 0 0 0 0 0 0
1307.1387 0 0 0 0 0 0 0 1 0 0 0 0 0 0 0
1307.1393 0 0 0 0 0 0 0 0 0 0 0 1 1 0 0
1307.1394 0 0 0 0 0 0 0 1 0 0 0 0 0 0 0
1307.1408 0 0 0 0 0 0 0 0 0 1 0 0 0 0 0
1307.1417 0 0 0 0 0 0 0 1 0 0 0 0 0 0 0
1307.1423 0 0 0 0 0 0 0 1 0 0 0 0 0 0 0
1307.1430 0 0 0 0 0 0 0 1 0 0 0 0 0 0 0
1307.1431 0 1 0 0 1 0 0 0 0 1 0 0 0 0 0
1307.1439 0 0 0 0 0 0 0 0 0 0 0 1 0 0 0
1307.1455 0 0 0 0 0 0 0 0 0 0 1 0 0 0 0
1307.1463 0 0 0 0 0 0 0 1 0 0 0 0 0 0 0
1307.1464 0 0 0 0 0 0 0 1 0 0 0 0 0 0 0
1307.1466 0 0 0 0 0 0 0 0 0 0 1 0 0 0 0
1307.1470 0 0 0 0 1 0 0 0 0 0 0 1 0 0 0
1307.1472 0 0 0 0 0 0 0 0 0 1 0 0 0 0 0
1307.1473 0 0 1 0 0 0 0 1 0 0 0 0 0 0 0
1307.1477 0 0 1 0 0 0 0 0 0 0 0 0 0 0 0
1307.1479 0 0 0 0 0 0 0 0 0 0 1 0 0 0 0
1307.1480 0 0 0 0 0 0 0 1 0 0 0 0 0 0 0
1307.1483 0 0 0 0 0 0 0 0 0 0 1 0 0 0 0
1307.1487 0 0 0 0 0 0 0 0 0 0 0 0 1 0 0
1307.1492 0 0 0 0 0 0 0 1 0 0 0 0 0 0 0
1307.1496 0 0 0 0 0 0 0 0 0 0 1 0 0 0 0
1307.1508 0 0 0 0 0 0 0 0 0 0 1 0 0 0 0
1307.1509 0 0 0 0 0 0 0 0 0 1 0 0 0 0 0
1307.1511 0 1 0 0 0 0 0 0 0 0 0 0 0 0 0
1307.1512 0 0 0 0 0 0 0 1 0 0 0 0 0 0 0
1307.1513 0 0 0 0 0 0 0 0 0 1 0 0 0 0 0
1307.1515 0 0 0 0 0 0 0 1 0 0 0 0 0 0 0
1307.1516 0 0 0 0 0 0 0 0 0 0 1 0 0 0 0
1307.1521 0 0 0 0 0 0 0 1 0 0 0 0 0 0 0
1307.1634 0 0 0 1 0 0 0 0 0 0 0 0 0 0 0
1307.1655 0 0 0 0 0 1 0 0 0 0 0 0 0 0 0
1307.1656 1 0 0 0 1 0 0 0 0 1 0 0 0 0 0
1307.1819 0 0 0 0 0 1 0 0 0 0 0 0 0 0 0
1307.1820 0 0 0 0 0 1 0 0 0 0 0 0 0 0 0
1307.1821 0 0 0 0 0 0 0 0 0 0 0 0 0 1 0
1307.1839 0 0 0 0 0 0 0 0 0 0 0 0 0 1 0
1307.1840 0 0 0 0 0 0 0 0 0 0 0 0 0 1 0
1307.1842 0 0 0 0 0 0 0 0 0 0 0 0 0 1 0
1307.1845 0 0 0 0 0 0 0 0 0 0 0 0 0 1 0
1307.1848 0 0 0 0 0 0 0 0 0 0 0 0 0 1 0
1307.1858 0 0 0 0 0 1 0 0 0 0 0 0 0 0 0
1307.1860 0 0 0 0 0 0 0 0 0 0 0 0 0 1 0
1307.1861 0 0 0 0 0 0 1 0 0 0 0 0 0 0 0
1307.1863 0 0 0 0 0 0 0 0 0 0 0 0 0 1 0
1307.1867 0 0 0 0 0 0 0 0 0 0 0 0 0 1 0
1307.1868 0 0 0 0 0 0 0 0 0 0 0 0 0 1 0
1307.1892 0 0 0 1 0 0 0 0 0 0 0 0 0 0 1
1307.1894 0 0 0 0 0 0 0 0 0 0 0 0 0 1 0
1307.1898 0 0 0 0 0 0 0 0 0 0 0 0 0 1 0
1307.1900 0 0 0 1 0 0 0 0 0 0 0 0 0 0 1
1307.1919 0 0 0 0 0 0 0 0 0 0 0 0 0 1 0
1307.1929 0 0 0 0 0 0 0 0 0 0 0 0 0 1 0
1307.1931 0 0 0 0 0 0 0 0 0 0 0 0 0 1 0
1307.1932 0 0 0 0 0 0 0 0 0 0 0 0 0 1 0
1307.1942 0 0 0 0 0 0 0 0 0 0 0 0 0 1 0
1307.1943 0 0 0 0 0 0 0 0 0 0 0 0 0 1 0
1307.1944 0 0 0 0 0 0 0 0 0 0 0 0 0 1 0
1307.1945 0 0 0 0 0 0 1 0 0 0 0 0 0 0 0
1307.1947 0 0 0 0 0 0 0 0 0 0 0 0 0 1 0
1307.1948 0 0 0 0 0 0 0 0 0 0 0 0 0 1 0
1307.1958 0 0 0 0 0 0 0 0 0 0 0 0 0 1 0
1307.1961 0 0 0 0 0 0 0 0 0 0 0 0 0 1 0
1307.1963 0 0 0 1 0 0 0 0 0 0 0 0 0 0 1
1307.1976 0 0 0 0 0 0 0 0 0 0 0 0 0 1 0
1307.1977 0 0 0 0 0 0 1 0 0 0 0 0 0 0 0
1307.1993 0 0 0 0 1 0 0 0 0 0 0 0 0 0 0
1307.1994 0 0 0 0 0 0 0 0 0 0 0 0 0 1 0
1307.1996 0 0 0 0 1 0 0 0 0 0 0 0 0 0 0
1307.1997 0 0 0 0 1 0 0 0 0 0 0 0 0 0 0
1307.1999 0 0 0 0 0 0 1 0 0 0 0 0 0 0 0
1307.2013 0 0 0 0 1 0 0 0 0 0 0 0 0 0 0
1307.2030 0 0 0 0 0 0 0 0 0 0 1 0 0 0 0
1307.2046 1 1 0 0 1 0 0 0 0 1 0 0 0 0 0
1307.2081 0 0 0 0 0 0 1 0 0 0 0 0 0 0 0
1307.2082 0 0 0 0 0 0 0 0 0 0 0 0 0 0 1
1307.2119 0 0 0 0 1 0 0 0 0 0 0 0 0 0 0
1307.2122 1 0 0 0 0 0 0 0 0 0 0 0 0 0 0
1307.2124 1 0 0 0 0 0 0 0 0 0 0 0 0 0 0
1307.2133 1 0 0 0 0 0 0 0 0 0 0 0 0 0 0
1307.215 0 1 0 0 0 0 0 0 0 0 0 0 0 0 0
1307.219 0 0 0 0 0 0 0 0 0 0 1 0 0 0 0
1307.221 0 0 0 0 0 0 0 0 0 0 0 1 1 0 0
1307.2218 0 0 0 0 0 0 1 0 0 0 0 0 0 0 0
1307.2222 0 0 0 0 0 0 1 0 0 0 0 0 0 0 0
1307.2224 0 0 0 0 0 0 0 0 0 0 1 0 0 0 0
1307.232 1 0 0 0 0 0 0 0 0 0 0 0 0 0 0
1307.235 0 1 0 0 0 0 0 0 0 0 0 0 0 0 0
1307.238 0 0 0 0 0 0 0 0 0 0 0 0 1 0 0
1307.2409 0 0 1 0 0 0 0 0 0 0 0 0 0 0 0
1307.241 0 0 0 0 0 0 0 0 0 0 0 0 1 0 0
1307.2411 0 0 0 1 0 0 0 0 0 0 0 0 0 0 0
1307.2414 0 0 1 0 0 0 0 0 0 0 0 0 0 0 0
1307.2416 1 0 0 0 1 0 0 0 0 1 0 0 0 0 0
1307.2433 1 0 0 1 0 0 0 0 0 0 0 0 0 0 0
1307.245 0 0 0 0 0 0 0 0 0 0 0 1 1 0 0
1307.2450 0 0 0 0 0 0 0 0 0 0 1 0 0 0 0
1307.2451 0 0 0 0 0 0 0 1 0 0 0 0 0 0 0
1307.2452 0 0 0 0 0 0 0 1 0 0 0 0 0 0 0
1307.249 1 0 0 0 0 0 0 0 0 0 0 0 0 0 0
1307.2543 0 0 0 0 0 1 0 0 0 0 0 0 0 0 0
1307.2544 0 0 0 0 0 1 0 0 0 0 0 0 0 0 0
1307.2545 0 0 0 0 0 1 0 0 0 0 0 0 0 0 0
1307.2558 0 0 1 0 0 0 0 0 0 0 0 0 0 0 0
1307.2559 0 0 1 0 0 0 0 0 1 0 0 0 0 0 0
1307.2560 0 0 1 0 0 0 0 0 1 0 0 0 0 0 0
1307.2561 0 0 1 0 0 0 0 0 1 0 0 0 0 0 0
1307.2562 0 0 0 0 0 0 0 0 1 0 0 0 0 0 0
1307.2563 0 0 0 0 0 0 0 0 1 0 0 0 0 0 0
1307.2564 0 0 0 0 0 0 0 0 1 0 0 0 0 0 0
1307.2565 0 0 1 0 0 0 0 0 1 0 0 0 0 0 0
1307.2566 0 0 0 0 0 0 0 0 1 0 0 0 0 0 0
1307.2567 0 0 0 0 0 0 0 0 1 0 0 0 0 0 0
1307.2568 0 0 1 0 0 0 0 0 1 0 0 0 0 0 0
1307.2569 0 0 1 0 0 0 0 0 1 0 0 0 0 0 0
1307.2570 0 1 1 0 0 0 0 0 1 0 0 0 0 0 0
1307.2571 0 0 1 0 0 0 0 0 1 0 0 0 0 0 0
1307.2572 0 0 1 0 0 0 0 0 1 0 0 0 0 0 0
1307.2573 0 0 0 0 0 0 0 0 1 0 0 0 0 0 0
1307.2574 0 0 1 0 0 0 0 0 1 0 0 0 0 0 0
1307.2575 0 0 0 0 0 0 0 0 1 0 0 0 0 0 0
1307.2576 0 0 1 0 0 0 0 0 1 0 0 0 0 0 0
1307.2577 0 0 1 0 0 0 0 0 1 0 0 0 0 0 0
1307.2578 0 0 1 0 0 0 0 0 1 0 0 0 0 0 0
1307.2579 0 0 1 0 0 0 0 0 0 0 0 0 0 0 0
1307.2581 0 1 0 0 0 0 0 0 1 0 0 0 0 0 0
1307.2582 0 0 0 0 0 0 0 0 1 0 0 0 0 0 0
1307.2583 0 0 1 0 0 0 0 0 1 0 0 0 0 0 0
1307.2584 0 0 1 0 0 0 0 0 0 0 0 0 0 0 0
1307.2585 0 1 0 0 0 0 0 0 0 0 0 0 0 0 0
1307.2586 0 0 1 0 0 0 0 0 1 0 0 0 0 0 0
1307.2587 0 1 1 0 0 0 0 0 0 0 0 0 0 0 0
1307.2588 0 1 1 0 0 0 0 0 1 0 0 0 0 0 0
1307.2590 0 1 0 1 0 0 0 0 0 0 0 0 0 0 0
1307.2591 0 0 1 0 0 0 0 0 1 0 0 0 0 0 0
1307.2593 0 1 0 0 0 0 0 0 1 0 0 0 0 0 0
1307.2595 0 0 1 0 0 0 0 0 1 0 0 0 0 0 0
1307.2598 0 0 1 0 0 0 0 0 1 0 0 0 0 0 0
1307.2599 0 0 1 0 0 0 0 0 0 0 0 0 0 0 0
1307.2603 0 0 1 0 0 0 0 0 1 0 0 0 0 0 0
1307.2605 0 1 0 0 0 0 0 0 1 0 0 0 0 0 0
1307.2606 0 0 0 0 0 0 0 0 1 0 0 0 0 0 0
1307.2607 0 0 0 0 0 0 0 0 1 0 0 0 0 0 0
1307.2673 0 0 0 0 0 0 0 1 0 0 0 0 0 0 0
1307.2678 0 0 0 0 0 0 0 0 0 0 0 0 0 1 0
1307.2680 0 0 0 1 1 0 0 0 0 0 0 0 0 0 0
1307.2681 0 0 0 0 0 0 0 0 0 1 0 0 0 0 0
1307.2684 0 1 0 1 1 0 0 0 0 0 0 0 0 0 0
1307.2685 0 1 0 0 1 0 0 0 0 0 0 0 0 0 0
1307.2687 0 0 0 0 0 0 0 0 0 0 0 0 0 1 0
1307.2688 0 0 0 0 0 0 0 1 0 0 0 0 0 0 0
1307.2691 0 0 0 0 0 1 0 0 0 0 0 0 0 0 0
1307.2695 0 0 0 0 0 1 0 0 0 0 0 0 0 0 0
1307.2696 0 0 0 0 0 1 0 0 0 0 0 0 0 0 0
1307.276 1 0 0 0 0 0 0 0 0 0 0 0 0 0 0
1307.2766 0 1 0 1 1 0 0 0 0 0 0 0 0 0 0
1307.2772 0 0 0 0 0 0 0 0 0 0 0 1 0 0 0
1307.2775 0 1 0 0 1 0 0 0 0 0 0 0 0 0 0
1307.2781 1 0 0 0 0 0 0 0 0 0 0 0 0 0 0
1307.2784 0 0 0 0 0 0 0 1 0 0 0 0 0 0 0
1307.2785 0 0 0 0 0 0 1 0 0 0 0 0 0 0 0
1307.2786 0 0 0 0 0 0 0 1 0 0 0 0 0 0 0
1307.279 1 0 0 0 0 0 0 0 0 0 0 0 0 0 0
1307.2790 1 1 0 0 0 0 0 0 0 0 0 0 0 0 0
1307.2791 1 0 0 0 0 0 0 0 0 0 0 0 0 0 0
1307.2792 1 0 0 0 0 0 0 0 0 0 0 0 0 0 0
1307.2793 0 1 0 0 0 0 0 0 0 0 0 0 0 0 0
1307.2794 1 0 0 0 0 0 0 0 0 0 0 0 0 0 0
1307.2795 1 0 0 0 0 0 0 0 0 0 0 0 0 0 0
1307.2796 0 1 0 0 0 0 0 0 0 0 0 0 0 0 0
1307.281 1 0 0 0 0 0 0 0 0 0 0 0 0 0 0
1307.282 0 1 0 0 0 0 0 0 0 0 0 0 0 0 0
1307.2841 0 1 1 0 0 0 0 0 1 0 0 0 0 0 0
1307.2843 1 0 0 0 0 0 0 0 0 1 0 0 0 0 0
1307.2844 1 1 0 1 0 0 0 0 0 0 0 0 0 0 0
1307.2845 1 0 0 0 0 0 0 0 0 1 0 0 0 0 0
1307.288 0 0 0 0 0 0 0 0 0 0 0 1 1 0 0
1307.296 0 1 0 0 0 0 0 0 0 0 0 0 0 0 0
1307.3032 0 0 0 1 0 0 0 0 0 0 0 0 0 0 0
1307.3033 0 1 0 0 0 0 0 0 0 0 0 0 0 0 0
1307.3034 0 0 0 0 0 0 0 0 0 0 1 0 0 0 0
1307.307 0 1 0 0 0 0 0 0 0 0 0 0 0 0 0
1307.3106 0 1 0 0 0 0 0 0 0 0 0 0 0 0 0
1307.3109 0 1 0 0 0 0 0 0 0 0 0 0 0 0 0
1307.311 1 0 0 0 0 0 0 0 0 0 0 0 0 0 0
1307.3112 0 0 1 0 0 0 0 0 0 0 0 0 0 0 0
1307.3114 1 0 0 0 0 0 0 0 0 0 0 0 0 0 0
1307.3119 0 0 0 0 1 0 0 0 0 0 0 0 0 0 0
1307.3122 1 0 0 0 0 0 0 0 0 0 0 0 0 0 0
1307.3123 1 0 0 1 0 0 0 0 0 0 0 0 0 0 0
1307.313 0 0 0 0 0 0 0 0 0 0 0 1 1 0 0
1307.3131 1 0 0 0 0 0 0 0 0 0 0 0 0 0 0
1307.314 0 0 0 0 0 0 0 0 0 0 1 0 0 0 0
1307.3140 1 0 0 0 0 0 0 0 0 0 0 0 0 0 0
1307.3141 0 0 1 0 0 0 0 0 0 0 0 0 0 0 0
1307.3142 1 0 0 0 0 0 0 0 0 0 0 0 0 0 0
1307.3143 1 0 0 0 0 0 0 0 0 0 0 0 0 0 0
1307.3144 1 0 0 0 0 0 0 0 0 0 0 0 0 0 0
1307.3145 1 0 0 0 0 0 0 0 0 0 0 0 0 0 0
1307.3147 1 0 0 0 0 0 0 0 0 0 0 0 0 0 0
1307.3148 1 0 0 0 0 0 0 0 0 0 0 0 0 0 0
1307.3149 1 0 0 0 0 0 0 0 0 0 0 0 0 0 0
1307.3150 1 0 0 0 0 0 0 0 0 0 0 0 0 0 0
1307.3151 1 1 0 0 0 0 0 0 0 0 0 0 0 0 0
1307.3152 1 0 0 0 0 0 0 0 0 0 0 0 0 0 0
1307.3153 1 0 0 0 0 0 0 0 0 0 0 0 0 0 0
1307.3154 1 0 0 0 0 0 0 0 0 0 0 0 0 0 0
1307.3155 1 0 0 1 0 0 0 0 0 0 0 0 0 0 0
1307.3156 1 0 0 0 0 0 0 0 0 1 0 0 0 0 0
1307.3157 1 0 0 0 0 0 0 0 0 0 0 0 0 0 0
1307.3158 0 0 0 0 1 0 0 0 0 0 0 0 0 0 0
1307.3160 0 0 0 0 1 0 0 0 0 0 0 0 0 0 0
1307.3161 1 0 0 0 0 0 0 0 0 0 0 0 0 0 0
1307.3164 1 1 0 0 0 0 0 0 0 0 0 0 0 0 0
1307.3165 1 0 0 0 0 0 0 0 0 0 0 0 0 0 0
1307.3166 1 0 0 0 0 0 0 0 0 0 0 0 0 0 0
1307.3167 0 0 1 0 0 0 0 0 0 0 0 0 0 0 0
1307.3168 0 1 0 0 0 0 0 0 0 0 0 0 0 0 0
1307.3175 0 0 1 0 0 0 0 0 0 0 0 0 0 0 0
1307.318 0 0 0 0 0 0 0 0 0 0 0 1 0 0 0
1307.323 0 0 0 0 0 0 0 0 0 0 1 0 0 0 0
1307.3421 1 0 0 0 0 0 0 0 0 0 0 0 0 0 0
1307.3424 0 0 0 1 0 0 0 0 0 0 0 0 0 0 0
1307.3425 0 0 0 0 0 0 1 0 0 0 0 0 0 0 0
1307.3430 0 0 1 0 0 0 0 0 0 0 0 0 0 0 0
1307.3431 0 0 1 0 0 0 0 0 0 0 0 0 0 0 0
1307.3432 0 0 1 0 0 0 0 0 0 0 0 0 0 0 0
1307.3433 0 0 1 0 0 0 0 0 0 0 0 0 0 0 0
1307.3435 0 0 1 0 0 0 0 0 0 0 0 0 0 0 0
1307.3436 0 0 1 0 0 0 0 0 0 0 0 0 0 0 0
1307.3441 0 0 0 1 1 0 0 0 0 0 0 0 0 0 0
1307.3443 0 0 0 0 0 0 1 0 0 0 0 0 0 0 0
1307.3446 0 0 0 0 0 0 1 0 0 0 0 0 0 0 0
1307.3447 0 0 0 0 0 0 1 0 0 0 0 0 0 0 0
1307.3449 0 0 0 0 0 0 1 0 0 0 0 0 0 0 0
1307.345 1 0 0 0 1 0 0 0 0 0 0 0 0 0 0
1307.3450 0 0 0 0 0 0 1 0 0 0 0 0 0 0 0
1307.3451 0 0 0 0 0 0 1 0 0 0 0 0 0 0 0
1307.3476 0 0 0 0 0 0 1 0 0 0 0 0 0 0 0
1307.348 0 0 0 0 0 0 0 0 0 0 0 0 0 1 0
1307.3495 0 0 0 0 0 0 1 0 0 0 0 0 0 0 0
1307.3496 0 0 0 0 1 0 0 0 0 0 0 0 0 0 0
1307.353 0 0 0 0 0 0 0 0 0 0 0 1 1 0 0
1307.3544 0 0 0 0 0 0 0 0 0 0 0 1 1 0 0
1307.3545 0 0 0 0 0 0 0 0 0 0 0 0 0 0 1
1307.3547 1 0 0 0 0 0 0 0 0 0 0 0 0 0 0
1307.3548 0 0 0 0 0 0 1 0 0 0 0 0 0 0 0
1307.3549 0 0 0 0 0 1 0 0 0 0 0 0 0 0 0
1307.3550 1 0 0 0 0 0 0 0 0 0 0 0 0 0 0
1307.3551 1 0 0 0 0 0 0 0 0 0 0 0 0 0 0
1307.3552 0 0 0 0 0 1 0 0 0 0 0 0 0 0 0
1307.3553 1 0 0 0 0 0 0 0 0 0 0 0 0 0 0
1307.3554 1 1 0 0 0 0 0 0 0 0 0 0 0 0 0
1307.3556 0 0 0 0 0 0 0 0 0 0 1 0 0 0 0
1307.3558 1 0 0 0 0 0 0 0 0 0 0 0 0 0 0
1307.3561 0 0 0 0 0 1 0 0 0 0 0 0 0 0 0
1307.3562 0 0 0 0 0 1 0 0 0 0 0 0 0 0 0
1307.3563 0 0 0 0 0 1 0 0 0 0 0 0 0 0 0
1307.3564 0 0 0 0 1 0 0 0 0 0 0 0 0 0 0
1307.3568 1 1 0 0 0 0 0 0 0 0 0 0 0 0 0
1307.3569 1 1 0 0 0 0 0 0 0 0 0 0 0 0 0
1307.3570 0 0 0 0 0 0 0 0 0 0 1 0 0 0 0
1307.3571 0 0 0 0 0 1 0 0 0 0 0 0 0 0 0
1307.3573 0 0 0 0 0 0 0 0 0 0 1 0 0 0 0
1307.3575 0 0 0 0 0 0 0 0 0 0 1 0 0 0 0
1307.3581 0 0 0 0 0 0 1 0 0 0 0 0 0 0 0
1307.3584 1 1 0 0 0 0 0 0 0 0 0 0 0 0 0
1307.3586 1 1 0 0 0 0 0 0 0 0 0 0 0 0 0
1307.3589 0 0 0 0 0 0 0 0 0 0 1 0 0 0 0
1307.3590 0 0 0 0 0 1 0 0 0 0 0 0 0 0 0
1307.3594 1 1 0 1 0 0 0 0 0 0 0 0 0 0 0
1307.3596 0 0 0 0 0 0 1 0 0 0 0 0 0 0 0
1307.3597 1 1 0 0 0 0 0 0 0 0 0 0 0 0 0
1307.3600 0 0 0 0 1 0 0 0 0 0 0 0 0 0 0
1307.361 0 1 0 0 0 0 0 0 0 0 0 0 0 0 0
1307.3663 0 0 0 0 0 1 0 0 0 0 0 0 0 0 0
1307.3664 0 0 0 0 0 1 0 0 0 0 0 0 0 0 0
1307.3665 0 0 0 0 0 1 0 0 0 0 0 0 0 0 0
1307.3666 0 0 0 0 0 1 0 0 0 0 0 0 0 0 0
1307.3667 0 0 0 0 0 1 0 0 0 0 0 0 0 0 0
1307.3668 0 0 0 0 0 1 0 0 0 0 0 0 0 0 0
1307.3669 0 0 0 0 0 1 0 0 0 0 0 0 0 0 0
1307.3670 0 0 0 0 0 1 0 0 0 0 0 0 0 0 0
1307.376 0 0 0 0 0 0 0 0 0 0 0 1 0 0 0
1307.379 0 0 0 0 0 0 0 0 0 0 1 0 0 0 0
1307.381 1 0 0 0 0 0 0 0 0 0 0 0 0 0 0
1307.384 0 0 0 0 0 0 0 0 0 0 0 1 1 0 0
1307.388 0 0 0 0 1 0 0 0 0 0 0 0 0 0 1
1307.3903 0 0 0 0 0 0 1 0 0 0 0 0 0 0 0
1307.3905 0 0 0 0 0 0 1 0 0 0 0 0 0 0 0
1307.3908 0 0 0 0 0 0 1 0 0 0 0 0 0 0 0
1307.391 1 0 0 0 0 0 0 0 0 0 0 0 0 0 0
1307.3910 0 0 0 0 0 0 0 0 0 0 0 0 0 1 0
1307.3911 0 0 0 0 0 1 0 0 0 0 0 0 0 0 0
1307.3912 0 0 0 0 0 0 1 0 0 0 0 0 0 0 0
1307.3913 0 0 0 0 0 0 1 0 0 0 0 0 0 0 0
1307.3923 0 0 0 0 0 0 1 0 0 0 0 0 0 0 0
1307.3931 0 0 0 0 0 0 1 0 0 0 0 0 0 0 0
1307.3933 0 0 0 0 0 1 0 0 0 0 0 0 0 0 0
1307.3939 0 0 0 0 0 0 1 0 0 0 0 0 0 1 0
1307.394 0 0 0 0 0 0 0 0 0 0 1 0 0 0 0
1307.3942 0 0 0 0 0 0 1 0 0 0 0 0 0 0 0
1307.3943 0 0 0 0 0 0 1 0 0 0 0 0 0 1 0
1307.3944 0 0 0 0 0 0 1 0 0 0 0 0 0 1 0
1307.3945 0 0 0 0 0 0 1 0 0 0 0 0 0 0 0
1307.3950 0 0 0 0 0 0 1 0 0 0 0 0 0 0 0
1307.3954 0 0 0 0 0 1 0 0 0 0 0 0 0 0 0
1307.398 0 0 0 0 0 0 0 1 0 0 0 0 0 0 0
1307.399 0 1 0 0 0 0 0 0 0 0 0 0 0 0 0
1307.402 1 0 0 0 0 0 0 0 0 0 0 0 0 0 0
1307.403 1 0 0 0 0 0 0 0 0 0 0 0 0 0 0
1307.405 0 0 0 0 0 0 0 1 0 0 0 0 0 0 0
1307.411 1 0 0 0 0 0 0 0 0 0 0 0 0 0 0
1307.4133 0 0 1 0 1 0 0 0 0 0 0 0 0 0 0
1307.4134 0 1 0 1 0 0 0 0 0 0 0 0 0 0 0
1307.4135 0 0 1 0 0 0 0 0 0 0 0 0 0 0 0
1307.4136 0 1 0 1 0 0 0 0 0 0 0 0 0 0 0
1307.4137 0 1 0 1 0 0 0 0 0 0 0 0 0 0 0
1307.4138 0 0 0 0 0 0 1 0 0 0 0 0 0 0 0
1307.4139 0 1 0 1 0 0 0 0 0 0 0 0 0 0 0
1307.414 1 0 0 0 0 0 0 0 0 0 0 0 0 0 0
1307.4140 0 0 0 0 0 0 0 1 0 0 0 0 0 0 0
1307.4141 0 1 0 1 1 0 0 0 0 0 0 0 0 0 0
1307.4142 0 0 0 0 0 0 1 0 0 0 0 0 0 0 0
1307.4143 0 1 0 1 1 0 0 0 0 0 0 0 0 0 0
1307.4144 0 1 0 1 1 0 0 0 0 0 0 0 0 0 0
1307.4145 0 0 0 0 0 0 0 1 0 0 0 0 0 0 0
1307.4146 0 0 0 0 0 0 0 0 0 1 0 0 0 0 0
1307.4147 0 1 0 1 1 0 0 0 0 0 0 0 0 0 0
1307.4148 0 1 0 1 1 0 0 0 0 0 0 0 0 0 0
1307.4149 0 1 0 1 1 0 0 0 0 0 0 0 0 0 0
1307.4150 0 1 0 0 0 0 0 0 0 1 0 0 0 0 0
1307.4151 0 1 0 1 1 0 0 0 0 0 0 0 0 0 0
1307.4152 0 1 0 0 0 0 0 0 0 1 0 0 0 0 0
1307.4153 0 1 0 1 0 0 0 0 0 0 0 0 0 0 0
1307.4155 0 0 1 0 0 0 0 0 0 0 0 0 0 0 0
1307.4157 0 0 1 0 0 0 0 0 0 0 0 0 0 0 0
1307.4158 0 0 0 0 0 0 0 0 0 1 0 0 0 0 0
1307.4159 0 0 0 0 1 0 0 0 0 0 0 0 0 0 0
1307.416 1 0 0 0 0 0 0 0 0 0 0 0 0 0 0
1307.4160 0 0 0 0 0 0 0 0 0 1 0 0 0 0 0
1307.4161 0 0 0 0 0 0 0 0 0 1 0 0 0 0 0
1307.4165 0 0 0 0 1 0 0 0 0 1 0 0 0 0 0
1307.4166 0 1 0 0 0 0 0 0 0 0 0 0 0 0 0
1307.4167 0 1 0 0 0 0 0 0 0 0 0 0 0 0 0
1307.4168 0 0 1 0 0 0 0 0 0 1 0 0 0 0 0
1307.417 1 0 0 0 0 0 0 0 0 0 0 0 0 0 0
1307.4170 0 1 0 0 0 0 0 0 0 0 0 0 0 0 0
1307.4171 0 0 0 0 0 0 0 0 0 1 0 0 0 0 0
1307.4174 0 0 1 0 0 0 0 0 0 1 0 0 0 0 0
1307.4175 0 1 0 0 1 0 0 0 0 0 0 0 0 0 0
1307.4176 0 0 1 1 0 0 0 0 0 0 0 0 0 0 0
1307.4177 0 0 1 1 0 0 0 0 0 0 0 0 0 0 0
1307.4178 0 0 1 0 0 0 0 0 0 0 0 0 0 0 0
1307.4179 0 0 0 1 0 0 0 0 0 0 0 0 0 0 0
1307.4180 0 0 1 1 0 0 0 0 0 0 0 0 0 0 0
1307.4182 0 0 1 1 0 0 0 0 0 0 0 0 0 0 1
1307.4183 0 0 1 0 0 0 0 0 0 0 0 0 0 0 0
1307.4184 0 0 1 1 0 0 0 0 0 0 0 0 0 0 0
1307.4185 0 0 1 1 0 0 0 0 0 0 0 0 0 0 0
1307.4186 0 0 1 0 0 0 0 0 0 0 0 0 0 0 0
1307.4187 0 0 0 0 0 0 0 0 0 0 0 1 1 0 0
1307.4188 0 1 0 0 0 0 0 0 0 0 0 0 0 0 0
1307.4189 0 0 0 0 0 0 0 0 0 0 0 1 1 0 0
1307.4190 0 0 0 0 0 0 0 0 0 0 0 1 1 0 0
1307.4191 0 0 0 0 0 0 0 0 0 0 0 0 1 0 0
1307.4193 1 0 0 0 1 0 0 0 0 1 0 0 0 0 0
1307.4195 1 0 0 0 0 0 0 0 0 1 0 0 0 0 0
1307.4198 0 0 0 0 0 0 0 1 0 0 0 0 0 0 0
1307.422 0 0 0 0 0 0 0 0 0 0 1 0 0 0 0
1307.438 0 0 0 0 0 0 0 0 0 0 0 0 0 0 1
1307.443 0 0 0 0 0 0 0 0 0 0 1 0 0 0 0
1307.449 1 0 0 0 0 0 0 0 0 0 0 0 0 0 0
1307.458 1 0 0 0 0 0 0 0 0 0 0 0 0 0 0
1307.459 0 0 0 0 0 0 0 0 0 0 0 1 0 0 0
1307.466 1 0 1 0 0 0 0 0 0 1 0 0 0 0 0
1307.468 1 0 0 0 0 0 0 0 0 0 0 0 0 0 0
1307.474 1 0 0 0 0 0 0 0 0 0 0 0 0 0 0
1307.484 0 0 0 0 0 0 0 0 0 0 0 1 1 0 0
1307.4877 1 1 0 1 0 0 0 0 0 0 0 0 0 0 0
1307.4882 1 0 0 1 0 0 0 0 0 0 0 0 0 0 0
1307.4897 0 0 0 0 0 0 0 0 0 0 1 0 0 0 0
1307.4903 0 0 0 0 0 0 0 0 0 0 1 0 0 0 0
1307.492 0 1 0 0 0 0 0 0 0 0 0 0 0 0 0
1307.4924 0 1 0 0 0 0 0 0 0 0 0 0 0 0 0
1307.4930 0 0 0 0 0 0 0 0 0 0 1 0 0 0 0
1307.4934 0 0 0 0 0 1 0 0 0 0 0 0 0 0 0
1307.4949 0 0 0 0 0 1 0 0 0 0 0 0 0 0 0
1307.495 1 0 0 0 0 0 0 0 0 0 0 0 0 0 0
1307.4950 0 0 0 0 0 1 0 0 0 0 0 0 0 0 0
1307.4956 0 0 0 0 0 0 1 0 0 0 0 0 0 0 0
1307.4966 0 0 0 0 0 1 0 0 0 0 0 0 0 0 0
1307.4979 0 0 0 0 1 0 0 0 0 0 0 0 0 0 0
1307.4980 0 0 0 0 1 0 0 0 0 0 0 0 0 0 0
1307.4981 0 0 0 0 1 0 0 0 0 0 0 0 0 0 0
1307.4982 0 0 0 1 1 0 0 0 0 0 0 0 0 0 0
1307.4984 0 0 0 0 0 0 0 1 0 0 0 0 0 0 0
1307.4985 0 0 0 0 0 1 0 0 0 0 0 0 0 0 0
1307.4987 0 0 0 0 1 0 0 0 0 1 0 0 0 0 0
1307.4988 0 1 0 1 0 0 0 0 0 0 0 0 0 0 1
1307.4990 0 0 0 0 0 1 0 0 0 0 0 0 0 0 0
1307.4994 1 1 0 1 0 0 0 0 0 0 0 0 0 0 0
1307.4995 0 0 0 0 0 0 0 1 0 0 0 0 0 0 1
1307.4996 0 0 0 0 0 0 0 1 0 0 0 0 0 0 0
1307.4998 0 0 0 0 0 0 1 1 0 0 0 0 0 0 0
1307.4999 0 0 0 0 0 1 0 0 0 0 0 0 0 0 0
1307.500 0 0 0 0 0 0 0 0 0 0 0 0 0 0 1
1307.5000 1 0 0 1 0 0 0 0 0 0 0 0 0 0 0
1307.5001 1 0 0 1 0 0 0 0 0 0 0 0 0 0 0
1307.5002 0 0 0 0 1 0 0 0 0 0 0 0 0 0 0
1307.5005 0 0 0 1 1 0 0 0 0 0 0 0 0 0 0
1307.5006 0 0 0 0 1 0 0 0 0 0 0 0 0 0 0
1307.5007 0 1 0 0 0 0 0 0 0 1 0 0 0 0 0
1307.5026 0 0 0 1 0 0 0 0 0 0 0 1 1 0 0
1307.5028 0 0 0 0 1 0 0 0 0 0 0 0 0 0 0
1307.5030 0 0 0 0 0 0 0 0 0 0 0 1 1 0 0
1307.5033 0 1 0 0 1 0 0 0 0 0 0 0 0 0 0
1307.5034 0 0 0 1 0 0 0 0 0 0 0 1 1 0 0
1307.5036 0 0 0 0 1 0 0 0 0 0 0 0 0 0 0
1307.5037 0 0 0 0 1 0 0 0 0 0 0 0 0 0 0
1307.5039 0 1 0 0 0 0 0 0 0 0 0 0 0 0 0
1307.504 1 0 0 0 0 0 0 0 0 0 0 0 0 0 0
1307.5041 0 1 0 0 0 0 0 0 0 0 0 0 0 0 0
1307.5042 0 1 0 0 0 0 0 0 0 0 0 0 0 0 0
1307.5043 0 1 0 0 0 0 0 0 0 0 0 0 0 0 0
1307.5044 0 1 0 0 0 0 0 0 0 0 0 0 0 0 0
1307.5045 0 1 0 0 0 0 0 0 0 0 0 0 0 0 0
1307.5046 0 0 0 0 0 0 0 0 0 0 0 1 1 0 0
1307.5047 0 0 0 0 0 0 0 0 0 1 0 0 0 0 0
1307.5049 0 0 0 0 0 0 0 0 0 1 0 0 0 0 0
1307.5050 0 0 0 0 0 1 0 0 0 0 0 0 0 0 0
1307.5051 0 0 0 1 1 0 0 0 0 0 0 0 0 0 0
1307.5052 0 1 0 1 0 0 0 0 0 0 0 0 0 0 1
1307.5053 0 0 0 0 0 1 0 0 0 0 0 0 0 0 0
1307.5055 0 1 0 0 0 0 0 0 0 0 0 0 0 0 0
1307.5056 0 1 0 1 0 0 0 0 0 0 0 0 0 0 1
1307.5057 0 1 0 0 0 0 0 0 0 0 0 0 0 0 0
1307.5058 0 0 0 0 0 1 0 0 0 0 0 0 0 0 0
1307.5059 0 0 0 0 0 1 0 0 0 0 0 0 0 0 0
1307.5061 0 0 0 0 0 1 0 0 0 0 0 0 0 0 0
1307.5062 0 1 0 0 0 0 0 0 0 0 0 0 0 0 0
1307.5064 0 0 0 0 0 0 0 1 0 0 0 0 0 0 1
1307.5066 0 0 0 0 1 0 0 0 0 0 0 0 0 0 0
1307.5069 0 0 0 0 0 1 0 0 0 0 0 0 0 0 0
1307.5074 0 0 0 0 0 1 0 0 0 0 0 0 0 0 0
1307.5075 1 0 0 0 0 0 0 0 0 0 0 0 0 0 0
1307.5076 0 0 0 0 0 1 0 0 0 0 0 0 0 0 0
1307.5077 1 1 0 1 0 0 0 0 0 0 0 0 0 0 0
1307.5078 0 0 0 0 0 0 1 0 0 0 0 0 0 0 0
1307.5079 1 0 0 0 0 0 0 0 0 0 0 0 0 0 0
1307.5080 0 0 0 0 0 0 0 0 0 0 1 0 0 0 0
1307.5081 0 0 1 0 0 0 0 0 0 0 0 0 0 0 0
1307.5082 0 0 0 0 0 1 0 0 0 0 0 0 0 0 0
1307.5083 0 0 0 0 0 1 0 0 0 0 0 0 0 0 0
1307.5084 0 0 0 0 0 1 0 0 0 0 0 0 0 0 0
1307.5085 0 0 0 0 0 1 0 0 0 0 0 0 0 0 0
1307.5086 0 0 0 0 0 1 0 0 0 0 0 0 0 0 0
1307.5087 0 1 0 0 0 0 0 0 0 0 0 0 0 0 0
1307.5089 0 0 0 0 0 1 0 0 0 0 0 0 0 0 0
1307.5090 0 0 0 0 0 1 0 0 0 0 0 0 0 0 0
1307.5091 0 1 0 0 0 0 0 0 0 0 0 0 0 0 0
1307.5092 0 0 0 0 0 1 0 0 0 0 0 0 0 0 0
1307.5094 0 0 0 0 0 1 0 0 0 0 0 0 0 0 0
1307.5095 1 1 0 0 0 0 0 0 0 0 0 0 0 0 0
1307.5096 0 0 0 0 0 1 0 0 0 0 0 0 0 0 0
1307.5127 0 0 0 0 0 1 0 0 0 0 0 0 0 0 0
1307.5128 0 1 1 0 0 0 0 0 1 0 0 0 0 0 0
1307.5129 0 0 0 0 0 0 0 0 0 0 1 0 0 0 0
1307.516 0 0 0 0 0 0 0 0 0 0 0 1 1 0 0
1307.5293 1 0 0 0 0 0 0 0 0 1 0 0 0 0 0
1307.5297 0 0 0 1 0 0 0 0 0 0 0 0 0 0 1
1307.5299 0 0 0 1 0 0 0 0 0 0 0 0 0 0 0
1307.5300 0 0 0 1 0 0 0 0 0 0 0 0 0 0 0
1307.5301 0 0 0 0 0 1 0 0 0 0 0 0 0 0 0
1307.5302 0 0 0 0 1 0 0 0 0 0 0 0 0 0 0
1307.5303 0 0 0 0 0 1 0 0 0 0 0 0 0 0 0
1307.5305 0 0 0 0 0 1 0 0 0 0 0 0 0 0 0
1307.5306 0 0 1 0 0 0 0 0 1 0 0 0 0 0 0
1307.5307 0 0 0 1 0 0 0 0 1 0 0 0 0 0 1
1307.5308 0 0 0 1 0 0 0 0 1 0 0 0 0 0 1
1307.5309 0 0 0 0 0 1 0 0 0 0 0 0 0 0 0
1307.5310 0 1 0 1 0 0 0 0 0 0 0 0 0 0 0
1307.5311 0 0 0 0 0 0 1 1 0 0 0 0 0 0 0
1307.5315 0 0 0 0 0 1 0 0 0 0 0 0 0 0 0
1307.5316 0 0 0 0 0 0 0 0 0 0 0 0 0 0 1
1307.5317 1 0 0 0 0 0 0 0 0 0 0 0 0 0 0
1307.5319 1 0 0 0 0 0 0 0 0 0 0 0 0 0 0
1307.5321 0 0 0 1 0 0 0 0 0 0 0 0 0 0 0
1307.5322 0 0 0 1 0 0 0 0 0 0 0 0 0 0 0
1307.5323 0 0 0 0 0 1 0 0 0 0 0 0 0 0 0
1307.5326 1 0 0 0 0 0 0 0 0 0 0 0 0 0 0
1307.5327 1 0 0 1 0 0 0 0 0 0 0 0 0 0 0
1307.5328 0 1 0 0 0 0 0 0 0 0 0 0 0 0 0
1307.5331 0 0 0 0 1 0 0 0 0 0 0 0 0 0 0
1307.5540 0 0 0 0 0 0 0 0 0 1 0 0 0 0 0
1307.5542 0 0 0 0 0 0 0 0 0 1 0 0 0 0 0
1307.5545 0 0 0 0 0 0 0 0 0 1 0 0 0 0 0
1307.5546 0 0 0 0 0 0 1 0 0 0 0 0 0 0 0
1307.5548 0 0 0 0 0 0 1 0 0 0 0 0 0 0 0
1307.5551 0 0 0 0 0 0 1 0 0 0 0 0 0 0 0
1307.5552 0 0 0 0 0 0 1 0 0 0 0 0 0 0 0
1307.5556 0 0 0 0 0 0 1 0 0 0 0 0 0 0 0
1307.5558 0 0 0 0 0 0 1 0 0 0 0 0 0 0 0
1307.5561 0 0 0 0 0 0 1 0 0 0 0 0 0 0 0
1307.5562 0 0 0 0 0 0 1 0 0 0 0 0 0 0 0
1307.5563 0 0 0 0 0 0 1 0 0 0 0 0 0 0 0
1307.5565 0 0 0 0 0 0 1 0 0 0 0 0 0 0 0
1307.5568 0 0 0 0 0 0 1 0 0 0 0 0 0 0 0
1307.5569 0 0 0 0 0 0 1 0 0 0 0 0 0 0 0
1307.5571 0 0 0 0 0 0 1 0 0 0 0 0 0 0 0
1307.5572 0 0 0 0 0 0 1 0 0 0 0 0 0 0 0
1307.5574 0 0 1 0 0 0 0 0 0 0 0 0 0 0 0
1307.5575 0 0 1 0 0 0 0 0 0 0 0 0 0 0 0
1307.5576 0 0 1 0 0 0 0 0 0 0 0 0 0 0 0
1307.5577 0 0 1 0 0 0 0 0 0 0 0 0 0 0 0
1307.5578 0 0 1 0 0 0 0 0 0 0 0 0 0 0 0
1307.5579 0 0 1 0 0 0 0 0 0 0 0 0 0 0 0
1307.5580 0 0 1 0 0 0 0 0 0 0 0 0 0 0 0
1307.5581 0 0 1 0 0 0 0 0 0 0 0 0 0 0 0
1307.5582 0 0 1 0 0 0 0 0 0 0 0 0 0 0 0
1307.5583 0 0 1 1 0 0 0 0 0 0 0 0 0 0 1
1307.5584 0 0 0 0 0 0 0 1 0 0 0 0 0 0 0
1307.5586 0 0 1 0 0 0 0 0 0 0 0 0 0 0 0
1307.5588 0 0 1 0 0 0 0 0 0 0 0 0 0 0 0
1307.5589 0 0 1 0 0 0 0 0 0 0 0 0 0 0 0
1307.5590 0 0 1 0 0 0 0 0 0 0 0 0 0 0 0
1307.5591 0 0 1 0 0 0 0 0 0 0 0 0 0 0 0
1307.5592 0 0 1 0 0 0 0 0 0 0 0 0 0 0 0
1307.5595 0 0 1 0 0 0 0 0 0 0 0 0 0 0 0
1307.5596 0 0 1 0 0 0 0 0 0 0 0 0 0 0 0
1307.5597 0 0 1 0 0 0 0 0 0 0 0 0 0 0 0
1307.5605 0 1 0 0 0 0 0 0 0 0 0 0 0 0 0
1307.5606 0 1 0 0 0 0 0 0 0 0 0 0 0 0 0
1307.5607 0 0 0 0 1 0 0 0 0 0 0 0 0 0 0
1307.5612 0 0 0 0 0 0 0 1 0 0 0 0 0 0 0
1307.5630 0 1 0 0 0 0 0 0 0 0 0 0 0 0 0
1307.5631 1 0 0 0 1 0 0 0 0 1 0 0 0 0 0
1307.5632 1 0 0 0 0 0 0 0 0 1 0 0 0 0 0
1307.565 0 0 1 0 1 0 0 0 0 1 0 0 0 0 0
1307.568 0 0 1 0 0 0 0 0 0 0 0 0 0 0 0
1307.571 0 1 0 0 0 0 0 0 0 0 0 0 0 0 0
1307.5757 0 0 0 0 0 0 0 0 0 0 0 0 0 0 1
1307.5758 0 0 0 0 0 0 0 0 0 0 0 0 0 0 1
1307.5759 0 0 0 0 0 0 0 0 0 0 0 0 0 0 1
1307.5760 0 0 0 0 0 0 0 0 0 0 0 0 0 0 1
1307.5761 0 0 0 0 0 0 0 0 0 0 0 0 0 0 1
1307.5762 0 0 0 0 0 0 0 0 0 0 0 0 0 0 1
1307.5764 0 0 0 0 0 0 0 0 0 0 0 0 0 0 1
1307.5766 0 0 0 0 1 0 0 0 0 0 0 0 0 0 0
1307.580 0 1 0 0 0 0 0 0 0 0 0 0 0 0 0
1307.582 0 1 0 0 0 0 0 0 0 0 0 0 0 0 0
1307.5851 0 0 0 0 0 1 0 0 0 0 0 0 0 0 0
1307.5852 0 0 0 0 0 1 0 0 0 0 0 0 0 0 0
1307.5888 0 0 0 1 0 0 0 0 0 0 0 0 0 0 1
1307.589 0 0 0 0 0 0 0 0 0 0 0 1 1 0 0
1307.591 1 0 0 0 0 0 0 0 0 0 0 0 0 0 0
1307.5917 0 1 0 0 0 0 0 0 0 0 0 0 0 0 0
1307.5967 0 0 0 0 1 0 0 0 0 0 0 0 0 0 0
1307.597 1 0 0 0 1 0 0 0 0 0 0 0 0 0 0
1307.5977 0 1 0 1 0 0 0 0 0 0 0 0 0 0 0
1307.599 0 0 0 0 0 0 0 0 0 0 0 0 0 0 1
1307.5997 1 0 0 0 0 0 0 0 0 0 0 0 0 0 0
1307.5998 0 0 0 0 0 0 0 1 0 0 0 0 0 0 0
1307.5999 0 0 0 0 0 0 0 1 0 0 0 0 0 0 0
1307.6000 0 0 0 0 0 0 0 1 0 0 0 0 0 0 0
1307.6001 0 0 0 0 0 0 0 1 0 0 0 0 0 0 0
1307.6002 0 0 0 0 0 0 0 1 0 0 0 0 0 0 0
1307.6003 0 0 0 0 0 0 0 1 0 0 0 0 0 0 0
1307.6004 0 0 0 0 0 0 0 1 0 0 0 0 0 0 0
1307.6005 0 0 0 0 0 0 0 1 0 0 0 0 0 0 0
1307.607 0 0 0 1 0 0 0 0 0 0 0 0 0 0 0
1307.608 0 0 0 0 0 0 0 0 0 0 0 1 1 0 0
1307.613 0 0 1 0 0 0 0 0 0 0 0 0 0 0 0
1307.616 0 0 1 0 0 0 0 0 0 0 0 0 0 0 0
1307.620 0 1 1 0 0 0 0 0 1 0 0 0 0 0 0
1307.621 1 0 0 0 0 0 0 0 0 0 0 0 0 0 0
1307.623 1 0 0 0 0 0 0 0 0 0 0 0 0 0 0
1307.629 0 0 0 0 0 0 0 0 0 0 1 0 0 0 0
1307.632 0 0 0 0 0 0 0 1 0 0 0 0 0 0 0
1307.642 1 0 0 0 0 0 0 0 0 0 0 0 0 0 0
1307.646 0 0 0 0 0 0 0 0 0 0 0 1 1 0 0
1307.648 0 1 0 0 0 0 0 0 0 0 0 0 0 0 0
1307.650 0 1 0 0 0 0 0 0 0 0 0 0 0 0 0
1307.6521 0 0 0 0 1 0 0 0 0 0 0 0 0 0 0
1307.6524 0 0 0 0 0 0 0 0 0 0 1 0 0 1 0
1307.6527 0 0 0 0 0 0 0 0 0 0 1 0 0 0 0
1307.6528 0 0 0 0 0 0 0 0 0 0 1 0 0 0 0
1307.6529 0 0 1 1 0 0 0 0 0 0 0 0 0 0 0
1307.6536 0 0 0 0 0 0 0 0 0 0 0 1 0 0 0
1307.6540 0 0 0 1 0 0 0 0 0 0 0 0 0 0 0
1307.6543 0 0 0 1 0 0 0 0 1 0 0 0 0 0 1
1307.663 1 0 0 0 0 0 0 0 0 0 0 0 0 0 0
1307.669 1 0 0 0 0 0 0 0 0 0 0 0 0 0 0
1307.675 0 1 0 0 0 0 0 0 0 0 0 0 0 0 0
1307.676 0 0 0 0 0 0 0 0 0 0 0 1 1 0 0
1307.680 1 0 0 0 0 0 0 0 0 0 0 0 0 0 0
1307.691 1 0 0 0 0 0 0 0 0 0 0 0 0 0 0
1307.694 1 0 0 0 0 0 0 0 0 0 0 0 0 0 0
1307.697 0 0 0 0 0 0 0 0 0 0 0 1 1 0 0
1307.705 0 0 0 0 1 0 0 0 0 0 0 0 0 0 0
1307.748 1 0 0 0 0 0 0 0 0 0 0 0 0 0 0
1307.749 1 0 0 0 1 0 0 0 0 0 0 0 0 0 0
1307.759 0 0 0 0 0 0 0 0 0 0 0 1 0 0 0
1307.762 0 0 0 0 0 0 0 0 0 0 1 0 0 0 0
1307.766 1 0 0 0 0 0 0 0 0 0 0 0 0 0 0
1307.768 0 0 0 0 0 0 0 0 0 0 0 1 1 0 0
1307.771 0 0 0 0 0 0 0 1 0 0 0 0 0 0 0
1307.782 0 0 0 0 1 0 0 0 0 0 0 0 0 0 0
1307.784 0 0 0 0 0 0 0 0 0 0 0 1 1 0 0
1307.785 0 0 1 0 0 0 0 0 0 0 0 0 0 0 0
1307.790 0 0 1 0 0 0 0 0 0 0 0 0 0 0 0
1307.793 0 0 0 0 0 0 0 0 0 0 0 0 1 0 0
1307.808 0 1 0 0 0 0 0 0 0 0 0 0 0 0 0
1307.809 0 1 0 0 0 0 0 0 0 0 0 0 0 0 0
1307.821 0 0 0 0 0 0 0 0 0 0 1 0 0 0 0
1307.826 1 0 0 0 0 0 0 0 0 0 0 0 0 0 0
1307.829 0 0 0 0 0 0 0 0 0 0 1 0 0 0 0
1307.830 0 1 0 0 0 0 0 0 0 0 0 0 0 0 0
1307.832 1 0 0 0 0 0 0 0 0 0 0 0 0 0 0
1307.835 1 0 0 0 0 0 0 0 0 0 0 0 0 0 0
1307.842 0 1 0 0 0 0 0 0 0 0 0 0 0 0 0
1307.843 1 0 0 0 0 0 0 0 0 0 0 0 0 0 0
1307.844 0 0 0 0 0 0 0 0 0 0 0 1 1 0 0
1307.846 1 0 0 0 0 0 0 0 0 0 0 0 0 0 0
1307.848 0 0 0 0 0 0 0 0 0 0 0 0 0 0 1
1307.849 0 0 0 0 0 0 0 0 0 0 0 0 0 0 1
1307.857 0 0 0 0 0 0 0 0 0 0 0 0 0 1 0
1307.860 0 0 0 0 0 0 0 0 0 0 0 1 1 0 0
1307.865 0 1 0 0 0 0 0 0 0 0 0 0 0 0 0
1307.870 1 0 0 0 0 0 0 0 0 0 0 0 0 0 0
1307.887 0 0 0 0 0 0 0 0 0 0 0 1 1 0 0
1307.890 0 1 0 0 0 0 0 0 0 0 0 0 0 0 0
1307.891 0 1 0 0 0 0 0 0 0 0 0 0 0 0 0
1307.900 0 0 0 0 0 0 0 0 0 0 1 0 0 0 0
1307.904 1 0 0 0 1 0 0 0 0 0 0 0 0 0 0
1307.914 1 0 0 0 0 0 0 0 0 0 0 0 0 0 0
1307.918 0 0 0 0 0 0 0 0 0 0 0 0 0 0 1
1307.919 1 0 0 0 0 0 0 0 0 0 0 0 0 0 0
1307.92 0 1 0 0 0 0 0 0 0 0 0 0 0 0 0
1307.928 0 0 0 0 0 0 0 0 0 0 0 1 0 0 0
1307.93 0 0 0 0 0 0 0 0 0 0 0 0 1 0 0
1307.936 1 0 0 0 0 0 0 0 0 0 0 0 0 0 0
1307.940 0 0 0 0 0 0 0 0 0 0 0 1 1 0 0
1307.95 0 0 0 1 0 0 0 0 0 0 0 0 0 0 0
1307.950 0 0 0 1 1 0 0 0 1 0 0 0 0 0 1
1307.953 0 0 0 1 0 0 0 0 0 0 0 1 1 0 0
1307.954 0 0 0 0 0 0 0 0 0 0 1 0 0 0 0
1307.959 0 0 0 0 0 0 0 0 0 0 1 0 0 0 0
1307.96 0 0 0 0 0 0 0 0 0 0 1 0 0 0 0
1307.960 0 0 0 1 0 0 0 0 0 0 0 0 0 0 0
1307.961 0 0 0 1 0 0 0 0 0 0 0 0 0 0 0
1307.963 0 1 0 0 0 0 0 0 0 0 0 0 0 0 0
1307.965 0 0 1 0 0 0 0 0 0 1 0 0 0 0 0
1307.971 0 0 1 0 1 0 0 0 0 1 0 0 0 0 0
1307.976 0 0 0 0 0 0 0 0 0 0 0 1 0 0 0
1307.977 0 0 0 0 0 0 0 0 0 0 0 1 1 0 0
1307.982 0 0 0 0 1 0 0 0 0 0 0 0 1 0 0
1307.983 0 1 0 0 0 0 0 0 0 0 0 0 0 0 0
1307.986 1 0 0 0 0 0 0 0 0 0 0 0 0 0 0
1307.992 0 0 0 0 0 0 0 0 0 0 1 0 0 0 0
1323689.3 0 0 0 0 0 0 1 0 0 0 0 0 0 0 0
1340847.3 0 0 0 0 0 0 0 0 0 0 0 1 1 0 0
1380773.3 1 0 0 0 0 0 0 0 0 1 0 0 0 0 0
1416913.4 0 0 0 0 0 1 0 0 0 0 0 0 0 0 0
286604.5 0 1 0 0 0 0 0 0 1 0 0 0 0 0 0
945704.3 0 0 0 0 0 1 0 0 0 0 0 0 0 0 0
