DATASET_EXTERNALSHAPE
SEPARATOR SPACE
DATASET_LABEL PRO_community_top15
COLOR #ff7f00
FIELD_COLORS #FF0A54 #D7FF00 #007BFF #FFD500 #00BFFF #FF008A #A600FF #FF9100 #00FF4B #E600FF #A7FF00 #FF5768 #00F8FF #5A00FF #FF6F3C
FIELD_LABELS PRO_community_4 PRO_community_5 PRO_community_7 PRO_community_65 PRO_community_38 PRO_community_57 PRO_community_99 PRO_community_74 PRO_community_62 PRO_community_10 PRO_community_6 PRO_community_109 PRO_community_111 PRO_community_189 PRO_community_107
FIELD_SHAPES 4 4 4 4 4 4 4 4 4 4 4 4 4 4 4
SHAPE_SPACING 2
SHAPE_TYPE 2
COLOR_FILL 1
HORIZONTAL_GRID 0
VERTICAL_GRID 0
SHOW_VALUES 0
LEGEND_TITLE Prophage_community_(top15)
LEGEND_SHAPES 4 4 4 4 4 4 4 4 4 4 4 4 4 4 4
LEGEND_COLORS #FF0A54 #D7FF00 #007BFF #FFD500 #00BFFF #FF008A #A600FF #FF9100 #00FF4B #E600FF #A7FF00 #FF5768 #00F8FF #5A00FF #FF6F3C
LEGEND_LABELS PRO_community_4 PRO_community_5 PRO_community_7 PRO_community_65 PRO_community_38 PRO_community_57 PRO_community_99 PRO_community_74 PRO_community_62 PRO_community_10 PRO_community_6 PRO_community_109 PRO_community_111 PRO_community_189 PRO_community_107
DATA
1005041.3 1 1 0 0 0 0 0 0 0 0 0 0 0 0 0
1005042.3 0 0 0 0 0 0 0 0 0 0 1 0 0 0 0
1007064.3 0 0 1 0 0 0 0 0 0 0 1 0 0 0 0
1214148.3 1 0 0 0 0 0 0 0 0 0 0 0 0 0 0
1214149.3 1 0 0 0 0 0 0 0 0 0 0 0 0 0 0
1214151.3 0 2 0 0 0 0 0 0 0 0 0 0 0 0 0
1214151.4 0 2 0 0 0 0 0 0 0 2 0 0 0 0 0
1214159.3 1 0 0 0 0 0 0 0 0 0 0 0 0 0 0
1214169.3 0 1 0 0 1 0 0 0 0 0 0 0 0 0 0
1214176.3 0 0 1 0 0 0 0 0 0 0 0 0 0 0 0
1214179.4 0 0 0 0 0 1 0 0 0 0 0 0 0 0 0
1214182.3 0 1 0 0 0 0 0 0 0 0 0 0 0 0 0
1214185.3 1 0 0 0 0 0 0 0 2 0 0 0 0 0 0
1214187.3 0 0 0 1 0 0 0 0 0 0 0 0 0 0 0
1214191.3 0 0 1 0 0 0 0 0 0 0 0 0 0 0 0
1214196.3 0 0 0 0 0 0 0 1 0 0 0 0 0 0 0
1214198.3 0 0 0 0 0 0 0 1 0 0 0 0 0 0 0
1214201.3 0 0 1 0 0 0 0 0 0 0 0 0 0 0 0
1214202.3 0 0 0 1 0 0 0 1 0 0 0 0 0 0 0
1214212.3 1 0 0 0 0 0 0 0 0 0 0 0 0 0 0
1214214.3 0 1 0 0 0 0 0 0 0 0 0 0 0 0 0
1246365.4 1 0 0 0 0 0 1 0 0 0 0 0 0 0 0
1276647.3 0 0 0 1 0 0 0 0 0 0 0 0 0 0 0
1307.102 1 0 0 0 0 0 0 0 0 0 0 0 0 0 0
1307.103 1 0 0 0 0 0 0 0 0 0 0 0 0 0 0
1307.105 1 0 0 0 0 0 0 0 0 0 0 0 0 0 0
1307.107 1 0 0 0 0 0 0 0 0 0 0 0 0 0 0
1307.109 1 0 0 0 0 0 0 0 0 0 0 0 0 0 0
1307.110 1 0 0 0 0 0 0 0 0 0 0 0 0 0 0
1307.111 1 0 0 0 0 0 0 0 0 0 0 0 0 0 0
1307.112 1 0 0 0 0 0 0 0 0 0 0 0 0 0 0
1307.113 1 0 0 0 0 0 0 0 0 0 0 0 0 0 0
1307.114 1 0 0 0 0 0 0 0 0 0 0 0 0 0 0
1307.115 1 0 0 0 0 0 0 0 0 0 0 0 0 0 0
1307.116 1 0 0 0 0 0 0 0 0 0 0 0 0 0 0
1307.117 1 0 0 0 0 0 0 0 0 0 0 0 0 0 0
1307.1317 0 0 1 0 0 0 0 0 0 0 1 0 0 0 0
1307.1318 1 0 0 0 0 0 0 0 0 0 0 0 0 0 0
1307.1363 1 0 0 0 0 0 0 0 0 0 0 0 0 0 0
1307.1367 0 0 0 1 0 0 0 0 0 0 0 0 0 0 0
1307.1369 0 0 1 0 0 0 0 0 0 0 0 0 0 0 0
1307.1377 0 0 0 0 0 0 0 0 0 0 0 0 0 0 1
1307.1378 1 0 0 0 0 0 0 0 0 0 0 0 0 0 0
1307.1379 0 0 0 1 0 0 0 0 0 0 0 0 0 0 0
1307.1386 0 0 0 1 0 0 0 0 0 0 0 0 0 0 0
1307.1387 0 0 0 1 0 0 0 0 0 0 0 0 0 0 0
1307.1393 0 0 0 0 0 0 0 0 0 0 0 1 1 0 0
1307.1394 0 0 0 1 0 0 0 0 0 0 0 0 0 0 0
1307.1398 1 0 0 0 0 0 0 0 0 0 0 0 0 0 0
1307.1403 0 0 0 0 0 0 0 0 0 0 0 0 0 0 1
1307.1408 0 0 0 0 0 0 0 0 0 0 1 0 0 0 0
1307.1409 1 0 0 0 0 0 0 0 0 0 0 0 0 0 0
1307.1410 0 0 0 0 0 0 0 0 0 0 0 0 0 0 1
1307.1413 1 0 0 0 0 0 0 0 0 0 0 0 0 0 0
1307.1414 1 0 0 0 0 0 0 0 0 0 0 0 0 0 0
1307.1417 0 0 0 1 0 0 0 0 0 0 0 0 0 0 0
1307.1423 0 0 0 1 0 0 0 0 0 0 0 0 0 0 0
1307.1429 1 0 0 0 0 0 0 0 0 0 0 0 0 0 0
1307.1430 0 0 0 1 0 0 0 0 0 0 0 0 0 0 0
1307.1431 0 1 0 0 0 1 0 0 0 0 1 0 0 0 0
1307.1432 1 0 0 0 0 0 0 0 0 0 0 0 0 0 0
1307.1434 0 0 0 0 0 0 0 0 0 0 0 0 0 0 1
1307.1438 0 0 0 0 0 0 0 0 0 0 0 0 0 0 1
1307.1439 0 0 0 0 0 0 0 0 0 0 0 1 0 0 0
1307.1444 1 0 0 0 0 0 0 0 0 0 0 0 0 0 0
1307.1449 1 0 0 0 0 0 0 0 0 0 0 0 0 0 0
1307.1455 0 0 0 0 0 0 0 0 1 0 0 0 0 0 0
1307.1462 1 0 0 0 0 0 0 0 0 0 0 0 0 0 0
1307.1463 0 0 0 1 0 0 0 0 0 0 0 0 0 0 0
1307.1464 0 0 0 1 0 0 0 0 0 0 0 0 0 0 0
1307.1466 0 0 0 0 0 0 0 0 1 0 0 0 0 0 0
1307.1467 1 0 0 0 0 0 0 0 0 0 0 0 0 0 0
1307.1468 1 0 0 0 0 0 0 0 0 0 0 0 0 0 0
1307.1470 0 0 0 0 0 1 0 0 0 0 0 1 0 0 0
1307.1471 0 0 0 0 0 0 0 0 0 0 0 0 0 0 1
1307.1472 0 0 0 0 0 0 0 0 0 0 1 0 0 0 0
1307.1473 0 1 0 1 0 0 0 0 0 0 0 0 0 0 0
1307.1475 0 0 0 0 0 0 0 0 0 0 0 0 0 0 1
1307.1476 0 0 0 0 0 0 0 0 0 0 0 0 0 0 1
1307.1477 1 1 0 0 0 0 0 0 0 0 0 0 0 0 0
1307.1478 0 0 0 0 0 0 0 0 0 0 0 0 0 0 1
1307.1479 0 0 0 0 0 0 0 0 1 0 0 0 0 0 0
1307.1480 0 0 0 1 0 0 0 0 0 0 0 0 0 0 0
1307.1481 1 0 0 0 0 0 0 0 0 0 0 0 0 0 0
1307.1482 0 0 0 0 0 0 0 0 0 0 0 0 0 0 1
1307.1483 1 0 0 0 0 0 0 0 1 0 0 0 0 0 0
1307.1484 0 0 0 0 0 0 0 0 0 0 0 0 0 0 1
1307.1485 0 0 0 0 0 0 0 0 0 0 0 0 0 0 1
1307.1486 1 0 0 0 0 0 0 0 0 0 0 0 0 0 0
1307.1487 0 0 0 0 0 0 0 0 0 0 0 0 1 0 0
1307.1488 0 0 0 0 0 0 0 0 0 0 0 0 0 0 1
1307.1490 0 0 0 0 0 0 0 0 0 0 0 0 0 0 1
1307.1491 1 0 0 0 0 0 0 0 0 0 0 0 0 0 0
1307.1492 0 0 0 1 0 0 0 0 0 0 0 0 0 0 0
1307.1494 1 0 0 0 0 0 0 0 0 0 0 0 0 0 0
1307.1495 1 0 0 0 0 0 0 0 0 0 0 0 0 0 0
1307.1496 0 0 0 0 0 0 0 0 1 0 0 0 0 0 0
1307.1498 1 0 0 0 0 0 0 0 0 0 0 0 0 0 0
1307.1499 0 0 0 0 0 0 0 0 0 0 0 0 0 0 1
1307.1500 0 0 0 0 0 0 0 0 0 0 0 0 0 0 1
1307.1501 0 0 0 0 0 0 0 0 0 0 0 0 0 0 1
1307.1502 1 0 0 0 0 0 0 0 0 0 0 0 0 0 0
1307.1504 0 0 0 0 0 0 0 0 0 0 0 0 0 0 1
1307.1505 1 0 0 0 0 0 0 0 0 0 0 0 0 0 0
1307.1506 1 0 0 0 0 0 0 0 0 0 0 0 0 0 0
1307.1508 0 0 0 0 0 0 0 0 1 0 0 0 0 0 0
1307.1509 0 0 0 0 0 0 0 0 0 0 1 0 0 0 0
1307.1511 0 1 0 0 0 0 0 0 0 0 0 0 0 0 0
1307.1512 0 0 0 1 0 0 0 0 0 0 0 0 0 0 0
1307.1513 0 0 0 0 0 0 0 0 0 0 1 0 0 0 0
1307.1514 1 0 0 0 0 0 0 0 0 0 0 0 0 0 0
1307.1515 0 0 0 1 0 0 0 0 0 0 0 0 0 0 0
1307.1516 1 0 0 0 0 0 0 0 1 0 0 0 0 0 0
1307.1517 0 0 0 0 0 0 0 0 0 0 0 0 0 0 1
1307.1519 1 0 0 0 0 0 0 0 0 0 0 0 0 0 0
1307.1520 1 0 0 0 0 0 0 0 0 0 0 0 0 0 0
1307.1521 0 0 0 1 0 0 0 0 0 0 0 0 0 0 0
1307.1531 1 0 0 0 0 0 0 0 0 0 0 0 0 0 0
1307.1540 1 0 0 0 0 0 0 0 0 0 0 0 0 0 0
1307.1587 1 0 0 0 0 0 0 0 0 0 0 0 0 0 0
1307.1634 1 0 0 0 1 0 0 0 0 0 0 0 0 0 0
1307.1635 1 0 0 0 0 0 0 0 0 0 0 0 0 0 0
1307.1646 1 0 0 0 0 0 0 0 0 0 0 0 0 0 0
1307.1655 1 0 0 0 0 0 1 0 0 0 0 0 0 0 0
1307.1656 0 0 1 0 0 1 0 0 0 0 1 0 0 0 0
1307.1804 1 0 0 0 0 0 0 0 0 0 0 0 0 0 0
1307.1819 1 0 0 0 0 0 1 0 0 0 0 0 0 0 0
1307.1820 1 0 0 0 0 0 1 0 0 0 0 0 0 0 0
1307.1821 0 0 0 1 0 0 0 0 0 0 0 0 0 0 0
1307.1839 0 0 0 1 0 0 0 0 0 0 0 0 0 0 0
1307.1840 0 0 0 1 0 0 0 0 0 0 0 0 0 0 0
1307.1842 0 0 0 1 0 0 0 0 0 0 0 0 0 0 0
1307.1845 0 0 0 1 0 0 0 0 0 0 0 0 0 0 0
1307.1848 0 0 0 1 0 0 0 0 0 0 0 0 0 0 0
1307.1858 1 0 0 0 0 0 1 0 0 0 0 0 0 0 0
1307.1860 0 0 0 1 0 0 0 0 0 0 0 0 0 0 0
1307.1861 0 0 0 0 0 0 0 1 0 0 0 0 0 0 0
1307.1863 0 0 0 1 0 0 0 0 0 0 0 0 0 0 0
1307.1867 0 0 0 1 0 0 0 0 0 0 0 0 0 0 0
1307.1868 0 0 0 1 0 0 0 0 0 0 0 0 0 0 0
1307.1892 0 0 0 0 1 0 0 0 0 0 0 0 0 1 0
1307.1894 0 0 0 1 0 0 0 0 0 0 0 0 0 0 0
1307.1898 0 0 0 1 0 0 0 0 0 0 0 0 0 0 0
1307.1900 0 0 0 0 1 0 0 0 0 0 0 0 0 1 0
1307.1910 0 0 0 0 0 0 0 0 0 0 0 0 0 0 1
1307.1911 0 0 0 0 0 0 0 0 0 0 0 0 0 0 1
1307.1913 0 0 0 0 0 0 0 0 0 0 0 0 0 0 1
1307.1919 0 0 0 1 0 0 0 0 0 0 0 0 0 0 0
1307.1929 0 0 0 1 0 0 0 0 0 0 0 0 0 0 0
1307.1931 0 0 0 1 0 0 0 0 0 0 0 0 0 0 0
1307.1932 0 0 0 1 0 0 0 0 0 0 0 0 0 0 0
1307.1942 0 0 0 1 0 0 0 0 0 0 0 0 0 0 0
1307.1943 0 0 0 1 0 0 0 0 0 0 0 0 0 0 0
1307.1944 0 0 0 1 0 0 0 0 0 0 0 0 0 0 0
1307.1945 0 0 0 0 0 0 0 1 0 0 0 0 0 0 0
1307.1947 0 0 0 1 0 0 0 0 0 0 0 0 0 0 0
1307.1948 0 0 0 1 0 0 0 0 0 0 0 0 0 0 0
1307.1956 1 0 0 0 0 0 0 0 0 0 0 0 0 0 0
1307.1958 0 0 0 1 0 0 0 0 0 0 0 0 0 0 0
1307.1961 0 0 0 1 0 0 0 0 0 0 0 0 0 0 0
1307.1963 0 0 0 0 1 0 0 0 0 0 0 0 0 1 0
1307.1965 0 0 0 0 0 0 0 0 0 0 0 0 0 0 1
1307.1966 0 0 0 0 0 0 0 0 0 0 0 0 0 0 1
1307.1967 0 0 0 0 0 0 0 0 0 0 0 0 0 0 1
1307.1969 0 0 0 0 0 0 0 0 0 0 0 0 0 0 1
1307.1971 1 0 0 0 0 0 0 0 0 0 0 0 0 0 0
1307.1976 0 0 0 1 0 0 0 0 0 0 0 0 0 0 0
1307.1977 0 0 0 0 0 0 0 1 0 0 0 0 0 0 0
1307.1993 0 0 0 0 0 1 0 0 0 0 0 0 0 0 0
1307.1994 0 0 0 1 0 0 0 0 0 0 0 0 0 0 0
1307.1996 0 0 0 0 0 1 0 0 0 0 0 0 0 0 0
1307.1997 0 0 0 0 0 1 0 0 0 0 0 0 0 0 0
1307.1999 0 0 0 0 0 0 0 1 0 0 0 0 0 0 0
1307.2013 0 0 0 0 0 1 0 0 0 0 0 0 0 0 0
1307.2028 1 0 0 0 0 0 0 0 0 0 0 0 0 0 0
1307.2029 1 0 0 0 0 0 0 0 0 0 0 0 0 0 0
1307.2030 1 0 0 0 0 0 0 0 1 0 0 0 0 0 0
1307.2031 1 0 0 0 0 0 0 0 0 0 0 0 0 0 0
1307.2032 1 0 0 0 0 0 0 0 0 0 0 0 0 0 0
1307.2033 1 0 0 0 0 0 0 0 0 0 0 0 0 0 0
1307.2035 1 0 0 0 0 0 0 0 0 0 0 0 0 0 0
1307.2046 0 1 1 0 0 1 0 0 0 0 1 0 0 0 0
1307.2081 0 0 0 0 0 0 0 1 0 0 0 0 0 0 0
1307.2082 0 0 0 0 0 0 0 0 0 0 0 0 0 1 0
1307.210 1 0 0 0 0 0 0 0 0 0 0 0 0 0 0
1307.2119 0 0 0 0 0 1 0 0 0 0 0 0 0 0 0
1307.212 1 0 0 0 0 0 0 0 0 0 0 0 0 0 0
1307.2122 0 0 1 0 0 0 0 0 0 0 0 0 0 0 0
1307.2124 0 0 1 0 0 0 0 0 0 0 0 0 0 0 0
1307.213 1 0 0 0 0 0 0 0 0 0 0 0 0 0 0
1307.2133 0 0 1 0 0 0 0 0 0 0 0 0 0 0 0
1307.2135 1 0 0 0 0 0 0 0 0 0 0 0 0 0 0
1307.215 0 1 0 0 0 0 0 0 0 0 0 0 0 0 0
1307.217 1 0 0 0 0 0 0 0 0 0 0 0 0 0 0
1307.218 1 0 0 0 0 0 0 0 0 0 0 0 0 0 0
1307.219 1 0 0 0 0 0 0 0 2 0 0 0 0 0 0
1307.220 1 0 0 0 0 0 0 0 0 0 0 0 0 0 0
1307.221 0 0 0 0 0 0 0 0 0 0 0 1 1 0 0
1307.2218 0 0 0 0 0 0 0 1 0 0 0 0 0 0 0
1307.222 1 0 0 0 0 0 0 0 0 0 0 0 0 0 0
1307.2222 0 0 0 0 0 0 0 1 0 0 0 0 0 0 0
1307.2224 1 0 0 0 0 0 0 0 1 0 0 0 0 0 0
1307.224 1 0 0 0 0 0 0 0 0 0 0 0 0 0 0
1307.225 1 0 0 0 0 0 0 0 0 0 0 0 0 0 0
1307.226 1 0 0 0 0 0 0 0 0 0 0 0 0 0 0
1307.227 1 0 0 0 0 0 0 0 0 0 0 0 0 0 0
1307.228 1 0 0 0 0 0 0 0 0 0 0 0 0 0 0
1307.230 1 0 0 0 0 0 0 0 0 0 0 0 0 0 0
1307.232 0 0 1 0 0 0 0 0 0 0 0 0 0 0 0
1307.233 1 0 0 0 0 0 0 0 0 0 0 0 0 0 0
1307.235 0 1 0 0 0 0 0 0 0 0 0 0 0 0 0
1307.236 1 0 0 0 0 0 0 0 0 0 0 0 0 0 0
1307.237 1 0 0 0 0 0 0 0 0 0 0 0 0 0 0
1307.238 0 0 0 0 0 0 0 0 0 0 0 0 1 0 0
1307.239 1 0 0 0 0 0 0 0 0 0 0 0 0 0 0
1307.240 1 0 0 0 0 0 0 0 0 0 0 0 0 0 0
1307.2407 1 0 0 0 0 0 0 0 0 0 0 0 0 0 0
1307.2409 1 1 0 0 0 0 0 0 0 0 0 0 0 0 0
1307.241 0 0 0 0 0 0 0 0 0 0 0 0 1 0 0
1307.2411 0 0 0 0 1 0 0 0 0 0 0 0 0 0 0
1307.2414 1 1 0 0 0 0 0 0 0 0 0 0 0 0 0
1307.2416 0 0 1 0 0 1 0 0 0 0 1 0 0 0 0
1307.242 1 0 0 0 0 0 0 0 0 0 0 0 0 0 0
1307.243 1 0 0 0 0 0 0 0 0 0 0 0 0 0 0
1307.2433 0 0 1 0 1 0 0 0 0 0 0 0 0 0 0
1307.244 1 0 0 0 0 0 0 0 0 0 0 0 0 0 0
1307.2446 1 0 0 0 0 0 0 0 0 0 0 0 0 0 0
1307.245 0 0 0 0 0 0 0 0 0 0 0 1 1 0 0
1307.2450 1 0 0 0 0 0 0 0 1 0 0 0 0 0 0
1307.2451 0 0 0 1 0 0 0 0 0 0 0 0 0 0 0
1307.2452 0 0 0 1 0 0 0 0 0 0 0 0 0 0 0
1307.246 1 0 0 0 0 0 0 0 0 0 0 0 0 0 0
1307.249 0 0 1 0 0 0 0 0 0 0 0 0 0 0 0
1307.250 1 0 0 0 0 0 0 0 0 0 0 0 0 0 0
1307.2543 1 0 0 0 0 0 1 0 0 0 0 0 0 0 0
1307.2544 1 0 0 0 0 0 1 0 0 0 0 0 0 0 0
1307.2545 1 0 0 0 0 0 1 0 0 0 0 0 0 0 0
1307.2558 0 1 0 0 0 0 0 0 0 0 0 0 0 0 0
1307.2559 0 1 0 0 0 0 0 0 0 1 0 0 0 0 0
1307.256 1 0 0 0 0 0 0 0 0 0 0 0 0 0 0
1307.2560 0 1 0 0 0 0 0 0 0 1 0 0 0 0 0
1307.2561 0 1 0 0 0 0 0 0 0 1 0 0 0 0 0
1307.2562 0 0 0 0 0 0 0 0 0 1 0 0 0 0 0
1307.2563 0 0 0 0 0 0 0 0 0 1 0 0 0 0 0
1307.2564 0 0 0 0 0 0 0 0 0 1 0 0 0 0 0
1307.2565 0 1 0 0 0 0 0 0 0 1 0 0 0 0 0
1307.2566 0 0 0 0 0 0 0 0 0 1 0 0 0 0 0
1307.2567 0 0 0 0 0 0 0 0 0 1 0 0 0 0 0
1307.2568 0 1 0 0 0 0 0 0 0 1 0 0 0 0 0
1307.2569 0 1 0 0 0 0 0 0 0 1 0 0 0 0 0
1307.257 1 0 0 0 0 0 0 0 0 0 0 0 0 0 0
1307.2570 0 2 0 0 0 0 0 0 0 1 0 0 0 0 0
1307.2571 0 1 0 0 0 0 0 0 0 1 0 0 0 0 0
1307.2572 0 1 0 0 0 0 0 0 0 1 0 0 0 0 0
1307.2573 0 0 0 0 0 0 0 0 0 1 0 0 0 0 0
1307.2574 0 1 0 0 0 0 0 0 0 1 0 0 0 0 0
1307.2575 0 0 0 0 0 0 0 0 0 1 0 0 0 0 0
1307.2576 0 1 0 0 0 0 0 0 0 1 0 0 0 0 0
1307.2577 0 1 0 0 0 0 0 0 0 1 0 0 0 0 0
1307.2578 0 1 0 0 0 0 0 0 0 1 0 0 0 0 0
1307.2579 0 1 0 0 0 0 0 0 0 0 0 0 0 0 0
1307.2581 0 1 0 0 0 0 0 0 0 1 0 0 0 0 0
1307.2582 0 0 0 0 0 0 0 0 0 1 0 0 0 0 0
1307.2583 0 1 0 0 0 0 0 0 0 1 0 0 0 0 0
1307.2584 0 1 0 0 0 0 0 0 0 0 0 0 0 0 0
1307.2585 0 1 0 0 0 0 0 0 0 0 0 0 0 0 0
1307.2586 0 1 0 0 0 0 0 0 0 1 0 0 0 0 0
1307.2587 0 2 0 0 0 0 0 0 0 0 0 0 0 0 0
1307.2588 0 2 0 0 0 0 0 0 0 1 0 0 0 0 0
1307.259 1 0 0 0 0 0 0 0 0 0 0 0 0 0 0
1307.2590 0 1 0 0 1 0 0 0 0 0 0 0 0 0 0
1307.2591 0 1 0 0 0 0 0 0 0 1 0 0 0 0 0
1307.2593 0 1 0 0 0 0 0 0 0 1 0 0 0 0 0
1307.2595 0 1 0 0 0 0 0 0 0 1 0 0 0 0 0
1307.2598 0 1 0 0 0 0 0 0 0 1 0 0 0 0 0
1307.2599 0 1 0 0 0 0 0 0 0 0 0 0 0 0 0
1307.2603 0 1 0 0 0 0 0 0 0 1 0 0 0 0 0
1307.2605 0 1 0 0 0 0 0 0 0 1 0 0 0 0 0
1307.2606 0 0 0 0 0 0 0 0 0 1 0 0 0 0 0
1307.2607 0 0 0 0 0 0 0 0 0 1 0 0 0 0 0
1307.261 1 0 0 0 0 0 0 0 0 0 0 0 0 0 0
1307.264 1 0 0 0 0 0 0 0 0 0 0 0 0 0 0
1307.266 1 0 0 0 0 0 0 0 0 0 0 0 0 0 0
1307.267 1 0 0 0 0 0 0 0 0 0 0 0 0 0 0
1307.2673 0 0 0 1 0 0 0 0 0 0 0 0 0 0 0
1307.2678 0 0 0 1 0 0 0 0 0 0 0 0 0 0 0
1307.2680 0 0 0 0 1 1 0 0 0 0 0 0 0 0 0
1307.2681 0 0 0 0 0 0 0 0 0 0 1 0 0 0 0
1307.2684 0 1 0 0 1 1 0 0 0 0 0 0 0 0 0
1307.2685 0 1 0 0 0 1 0 0 0 0 0 0 0 0 0
1307.2687 0 0 0 1 0 0 0 0 0 0 0 0 0 0 0
1307.2688 0 0 0 1 0 0 0 0 0 0 0 0 0 0 0
1307.269 1 0 0 0 0 0 0 0 0 0 0 0 0 0 0
1307.2691 1 0 0 0 0 0 1 0 0 0 0 0 0 0 0
1307.2695 1 0 0 0 0 0 1 0 0 0 0 0 0 0 0
1307.2696 1 0 0 0 0 0 1 0 0 0 0 0 0 0 0
1307.2697 1 0 0 0 0 0 0 0 0 0 0 0 0 0 0
1307.273 1 0 0 0 0 0 0 0 0 0 0 0 0 0 0
1307.274 1 0 0 0 0 0 0 0 0 0 0 0 0 0 0
1307.276 0 0 1 0 0 0 0 0 0 0 0 0 0 0 0
1307.2766 0 1 0 0 1 1 0 0 0 0 0 0 0 0 0
1307.2772 0 0 0 0 0 0 0 0 0 0 0 1 0 0 0
1307.2775 0 1 0 0 0 1 0 0 0 0 0 0 0 0 0
1307.278 1 0 0 0 0 0 0 0 0 0 0 0 0 0 0
1307.2781 0 0 1 0 0 0 0 0 0 0 0 0 0 0 0
1307.2784 0 0 0 1 0 0 0 0 0 0 0 0 0 0 0
1307.2785 0 0 0 0 0 0 0 1 0 0 0 0 0 0 0
1307.2786 0 0 0 1 0 0 0 0 0 0 0 0 0 0 0
1307.279 0 0 1 0 0 0 0 0 0 0 0 0 0 0 0
1307.2790 0 1 1 0 0 0 0 0 0 0 0 0 0 0 0
1307.2791 0 0 1 0 0 0 0 0 0 0 0 0 0 0 0
1307.2792 0 0 1 0 0 0 0 0 0 0 0 0 0 0 0
1307.2793 1 1 0 0 0 0 0 0 0 0 0 0 0 0 0
1307.2794 0 0 1 0 0 0 0 0 0 0 0 0 0 0 0
1307.2795 0 0 1 0 0 0 0 0 0 0 0 0 0 0 0
1307.2796 1 1 0 0 0 0 0 0 0 0 0 0 0 0 0
1307.281 0 0 1 0 0 0 0 0 0 0 0 0 0 0 0
1307.282 1 1 0 0 0 0 0 0 0 0 0 0 0 0 0
1307.283 1 0 0 0 0 0 0 0 0 0 0 0 0 0 0
1307.2840 1 0 0 0 0 0 0 0 0 0 0 0 0 0 0
1307.2841 0 2 0 0 0 0 0 0 0 1 0 0 0 0 0
1307.2843 0 0 1 0 0 0 0 0 0 0 1 0 0 0 0
1307.2844 0 1 1 0 1 0 0 0 0 0 0 0 0 0 0
1307.2845 0 0 1 0 0 0 0 0 0 0 1 0 0 0 0
1307.285 1 0 0 0 0 0 0 0 0 0 0 0 0 0 0
1307.287 1 0 0 0 0 0 0 0 0 0 0 0 0 0 0
1307.288 0 0 0 0 0 0 0 0 0 0 0 1 1 0 0
1307.289 1 0 0 0 0 0 0 0 0 0 0 0 0 0 0
1307.291 1 0 0 0 0 0 0 0 0 0 0 0 0 0 0
1307.293 1 0 0 0 0 0 0 0 0 0 0 0 0 0 0
1307.294 1 0 0 0 0 0 0 0 0 0 0 0 0 0 0
1307.295 1 0 0 0 0 0 0 0 0 0 0 0 0 0 0
1307.296 0 1 0 0 0 0 0 0 0 0 0 0 0 0 0
1307.297 1 0 0 0 0 0 0 0 0 0 0 0 0 0 0
1307.298 1 0 0 0 0 0 0 0 0 0 0 0 0 0 0
1307.299 1 0 0 0 0 0 0 0 0 0 0 0 0 0 0
1307.301 1 0 0 0 0 0 0 0 0 0 0 0 0 0 0
1307.302 1 0 0 0 0 0 0 0 0 0 0 0 0 0 0
1307.3032 0 0 0 0 1 0 0 0 0 0 0 0 0 0 0
1307.3033 0 1 0 0 0 0 0 0 0 0 0 0 0 0 0
1307.3034 1 0 0 0 0 0 0 0 1 0 0 0 0 0 0
1307.3037 1 0 0 0 0 0 0 0 0 0 0 0 0 0 0
1307.304 1 0 0 0 0 0 0 0 0 0 0 0 0 0 0
1307.306 1 0 0 0 0 0 0 0 0 0 0 0 0 0 0
1307.307 1 1 0 0 0 0 0 0 0 0 0 0 0 0 0
1307.3079 1 0 0 0 0 0 0 0 0 0 0 0 0 0 0
1307.3099 1 0 0 0 0 0 0 0 0 0 0 0 0 0 0
1307.310 1 0 0 0 0 0 0 0 0 0 0 0 0 0 0
1307.3101 1 0 0 0 0 0 0 0 0 0 0 0 0 0 0
1307.3105 1 0 0 0 0 0 0 0 0 0 0 0 0 0 0
1307.3106 0 1 0 0 0 0 0 0 0 0 0 0 0 0 0
1307.3109 0 1 0 0 0 0 0 0 0 0 0 0 0 0 0
1307.311 0 0 1 0 0 0 0 0 0 0 0 0 0 0 0
1307.3112 0 1 0 0 0 0 0 0 0 0 0 0 0 0 0
1307.3114 0 0 1 0 0 0 0 0 0 0 0 0 0 0 0
1307.3115 1 0 0 0 0 0 0 0 0 0 0 0 0 0 0
1307.3116 1 0 0 0 0 0 0 0 0 0 0 0 0 0 0
1307.3119 0 0 0 0 0 1 0 0 0 0 0 0 0 0 0
1307.312 1 0 0 0 0 0 0 0 0 0 0 0 0 0 0
1307.3120 1 0 0 0 0 0 0 0 0 0 0 0 0 0 0
1307.3121 1 0 0 0 0 0 0 0 0 0 0 0 0 0 0
1307.3122 0 0 1 0 0 0 0 0 0 0 0 0 0 0 0
1307.3123 0 0 1 0 1 0 0 0 0 0 0 0 0 0 0
1307.3124 1 0 0 0 0 0 0 0 0 0 0 0 0 0 0
1307.3125 1 0 0 0 0 0 0 0 0 0 0 0 0 0 0
1307.3127 1 0 0 0 0 0 0 0 0 0 0 0 0 0 0
1307.3128 1 0 0 0 0 0 0 0 0 0 0 0 0 0 0
1307.3129 1 0 0 0 0 0 0 0 0 0 0 0 0 0 0
1307.313 0 0 0 0 0 0 0 0 0 0 0 1 1 0 0
1307.3130 1 0 0 0 0 0 0 0 0 0 0 0 0 0 0
1307.3131 0 0 1 0 0 0 0 0 0 0 0 0 0 0 0
1307.3132 1 0 0 0 0 0 0 0 0 0 0 0 0 0 0
1307.3133 1 0 0 0 0 0 0 0 0 0 0 0 0 0 0
1307.3134 1 0 0 0 0 0 0 0 0 0 0 0 0 0 0
1307.3135 1 0 0 0 0 0 0 0 0 0 0 0 0 0 0
1307.3136 1 0 0 0 0 0 0 0 0 0 0 0 0 0 0
1307.3137 1 0 0 0 0 0 0 0 0 0 0 0 0 0 0
1307.3138 1 0 0 0 0 0 0 0 0 0 0 0 0 0 0
1307.314 1 0 0 0 0 0 0 0 1 0 0 0 0 0 0
1307.3140 0 0 1 0 0 0 0 0 0 0 0 0 0 0 0
1307.3141 1 1 0 0 0 0 0 0 0 0 0 0 0 0 0
1307.3142 0 0 1 0 0 0 0 0 0 0 0 0 0 0 0
1307.3143 0 0 1 0 0 0 0 0 0 0 0 0 0 0 0
1307.3144 0 0 1 0 0 0 0 0 0 0 0 0 0 0 0
1307.3145 0 0 1 0 0 0 0 0 0 0 0 0 0 0 0
1307.3146 1 0 0 0 0 0 0 0 0 0 0 0 0 0 0
1307.3147 0 0 1 0 0 0 0 0 0 0 0 0 0 0 0
1307.3148 0 0 1 0 0 0 0 0 0 0 0 0 0 0 0
1307.3149 0 0 1 0 0 0 0 0 0 0 0 0 0 0 0
1307.3150 0 0 1 0 0 0 0 0 0 0 0 0 0 0 0
1307.3151 0 1 1 0 0 0 0 0 0 0 0 0 0 0 0
1307.3152 0 0 1 0 0 0 0 0 0 0 0 0 0 0 0
1307.3153 0 0 1 0 0 0 0 0 0 0 0 0 0 0 0
1307.3154 0 0 1 0 0 0 0 0 0 0 0 0 0 0 0
1307.3155 0 0 1 0 1 0 0 0 0 0 0 0 0 0 0
1307.3156 0 0 1 0 0 0 0 0 0 0 1 0 0 0 0
1307.3157 0 0 1 0 0 0 0 0 0 0 0 0 0 0 0
1307.3158 0 0 0 0 0 1 0 0 0 0 0 0 0 0 0
1307.3159 1 0 0 0 0 0 0 0 0 0 0 0 0 0 0
1307.3160 0 0 0 0 0 1 0 0 0 0 0 0 0 0 0
1307.3161 0 0 1 0 0 0 0 0 0 0 0 0 0 0 0
1307.3162 1 0 0 0 0 0 0 0 0 0 0 0 0 0 0
1307.3163 1 0 0 0 0 0 0 0 0 0 0 0 0 0 0
1307.3164 0 1 1 0 0 0 0 0 0 0 0 0 0 0 0
1307.3165 0 0 1 0 0 0 0 0 0 0 0 0 0 0 0
1307.3166 0 0 1 0 0 0 0 0 0 0 0 0 0 0 0
1307.3167 0 1 0 0 0 0 0 0 0 0 0 0 0 0 0
1307.3168 0 1 0 0 0 0 0 0 0 0 0 0 0 0 0
1307.3169 1 0 0 0 0 0 0 0 0 0 0 0 0 0 0
1307.317 1 0 0 0 0 0 0 0 0 0 0 0 0 0 0
1307.3170 1 0 0 0 0 0 0 0 0 0 0 0 0 0 0
1307.3171 1 0 0 0 0 0 0 0 0 0 0 0 0 0 0
1307.3173 1 0 0 0 0 0 0 0 0 0 0 0 0 0 0
1307.3175 0 1 0 0 0 0 0 0 0 0 0 0 0 0 0
1307.318 0 0 0 0 0 0 0 0 0 0 0 1 0 0 0
1307.319 1 0 0 0 0 0 0 0 0 0 0 0 0 0 0
1307.321 1 0 0 0 0 0 0 0 0 0 0 0 0 0 0
1307.323 1 0 0 0 0 0 0 0 1 0 0 0 0 0 0
1307.325 1 0 0 0 0 0 0 0 0 0 0 0 0 0 0
1307.328 1 0 0 0 0 0 0 0 0 0 0 0 0 0 0
1307.329 1 0 0 0 0 0 0 0 0 0 0 0 0 0 0
1307.330 1 0 0 0 0 0 0 0 0 0 0 0 0 0 0
1307.331 1 0 0 0 0 0 0 0 0 0 0 0 0 0 0
1307.332 1 0 0 0 0 0 0 0 0 0 0 0 0 0 0
1307.333 1 0 0 0 0 0 0 0 0 0 0 0 0 0 0
1307.334 1 0 0 0 0 0 0 0 0 0 0 0 0 0 0
1307.336 1 0 0 0 0 0 0 0 0 0 0 0 0 0 0
1307.339 1 0 0 0 0 0 0 0 0 0 0 0 0 0 0
1307.340 1 0 0 0 0 0 0 0 0 0 0 0 0 0 0
1307.342 1 0 0 0 0 0 0 0 0 0 0 0 0 0 0
1307.3421 0 0 1 0 0 0 0 0 0 0 0 0 0 0 0
1307.3424 0 0 0 0 1 0 0 0 0 0 0 0 0 0 0
1307.3425 0 0 0 0 0 0 0 1 0 0 0 0 0 0 0
1307.3430 0 1 0 0 0 0 0 0 0 0 0 0 0 0 0
1307.3431 0 1 0 0 0 0 0 0 0 0 0 0 0 0 0
1307.3432 0 1 0 0 0 0 0 0 0 0 0 0 0 0 0
1307.3433 0 1 0 0 0 0 0 0 0 0 0 0 0 0 0
1307.3434 1 0 0 0 0 0 0 0 0 0 0 0 0 0 0
1307.3435 0 1 0 0 0 0 0 0 0 0 0 0 0 0 0
1307.3436 0 1 0 0 0 0 0 0 0 0 0 0 0 0 0
1307.3441 0 0 0 0 1 1 0 0 0 0 0 0 0 0 0
1307.3443 0 0 0 0 0 0 0 1 0 0 0 0 0 0 0
1307.3446 0 0 0 0 0 0 0 1 0 0 0 0 0 0 0
1307.3447 0 0 0 0 0 0 0 1 0 0 0 0 0 0 0
1307.3449 0 0 0 0 0 0 0 1 0 0 0 0 0 0 0
1307.345 0 0 1 0 0 1 0 0 0 0 0 0 0 0 0
1307.3450 0 0 0 0 0 0 0 1 0 0 0 0 0 0 0
1307.3451 0 0 0 0 0 0 0 1 0 0 0 0 0 0 0
1307.346 1 0 0 0 0 0 0 0 0 0 0 0 0 0 0
1307.3476 0 0 0 0 0 0 0 1 0 0 0 0 0 0 0
1307.348 0 0 0 1 0 0 0 0 0 0 0 0 0 0 0
1307.349 1 0 0 0 0 0 0 0 0 0 0 0 0 0 0
1307.3495 0 0 0 0 0 0 0 1 0 0 0 0 0 0 0
1307.3496 0 0 0 0 0 1 0 0 0 0 0 0 0 0 0
1307.3500 1 0 0 0 0 0 0 0 0 0 0 0 0 0 0
1307.3502 1 0 0 0 0 0 0 0 0 0 0 0 0 0 0
1307.3503 1 0 0 0 0 0 0 0 0 0 0 0 0 0 0
1307.3504 1 0 0 0 0 0 0 0 0 0 0 0 0 0 0
1307.3505 1 0 0 0 0 0 0 0 0 0 0 0 0 0 0
1307.3506 1 0 0 0 0 0 0 0 0 0 0 0 0 0 0
1307.3507 1 0 0 0 0 0 0 0 0 0 0 0 0 0 0
1307.3508 1 0 0 0 0 0 0 0 0 0 0 0 0 0 0
1307.351 1 0 0 0 0 0 0 0 0 0 0 0 0 0 0
1307.352 1 0 0 0 0 0 0 0 0 0 0 0 0 0 0
1307.353 0 0 0 0 0 0 0 0 0 0 0 1 1 0 0
1307.3544 0 0 0 0 0 0 0 0 0 0 0 1 1 0 0
1307.3545 0 0 0 0 0 0 0 0 0 0 0 0 0 1 0
1307.3546 1 0 0 0 0 0 0 0 0 0 0 0 0 0 0
1307.3547 0 0 1 0 0 0 0 0 0 0 0 0 0 0 0
1307.3548 1 0 0 0 0 0 0 1 0 0 0 0 0 0 0
1307.3549 1 0 0 0 0 0 1 0 0 0 0 0 0 0 0
1307.355 1 0 0 0 0 0 0 0 0 0 0 0 0 0 0
1307.3550 0 0 1 0 0 0 0 0 0 0 0 0 0 0 0
1307.3551 0 0 1 0 0 0 0 0 0 0 0 0 0 0 0
1307.3552 1 0 0 0 0 0 1 0 0 0 0 0 0 0 0
1307.3553 0 0 1 0 0 0 0 0 0 0 0 0 0 0 0
1307.3554 0 1 1 0 0 0 0 0 0 0 0 0 0 0 0
1307.3555 1 0 0 0 0 0 0 0 0 0 0 0 0 0 0
1307.3556 1 0 0 0 0 0 0 0 2 0 0 0 0 0 0
1307.3557 1 0 0 0 0 0 0 0 0 0 0 0 0 0 0
1307.3558 0 0 1 0 0 0 0 0 0 0 0 0 0 0 0
1307.3559 1 0 0 0 0 0 0 0 0 0 0 0 0 0 0
1307.3560 1 0 0 0 0 0 0 0 0 0 0 0 0 0 0
1307.3561 1 0 0 0 0 0 1 0 0 0 0 0 0 0 0
1307.3562 1 0 0 0 0 0 1 0 0 0 0 0 0 0 0
1307.3563 1 0 0 0 0 0 1 0 0 0 0 0 0 0 0
1307.3564 0 0 0 0 0 1 0 0 0 0 0 0 0 0 0
1307.3565 1 0 0 0 0 0 0 0 0 0 0 0 0 0 0
1307.3566 1 0 0 0 0 0 0 0 0 0 0 0 0 0 0
1307.3567 1 0 0 0 0 0 0 0 0 0 0 0 0 0 0
1307.3568 0 1 1 0 0 0 0 0 0 0 0 0 0 0 0
1307.3569 0 1 1 0 0 0 0 0 0 0 0 0 0 0 0
1307.357 1 0 0 0 0 0 0 0 0 0 0 0 0 0 0
1307.3570 1 0 0 0 0 0 0 0 2 0 0 0 0 0 0
1307.3571 1 0 0 0 0 0 1 0 0 0 0 0 0 0 0
1307.3572 1 0 0 0 0 0 0 0 0 0 0 0 0 0 0
1307.3573 1 0 0 0 0 0 0 0 2 0 0 0 0 0 0
1307.3574 1 0 0 0 0 0 0 0 0 0 0 0 0 0 0
1307.3575 1 0 0 0 0 0 0 0 2 0 0 0 0 0 0
1307.3576 1 0 0 0 0 0 0 0 0 0 0 0 0 0 0
1307.3577 1 0 0 0 0 0 0 0 0 0 0 0 0 0 0
1307.3578 1 0 0 0 0 0 0 0 0 0 0 0 0 0 0
1307.358 1 0 0 0 0 0 0 0 0 0 0 0 0 0 0
1307.3580 1 0 0 0 0 0 0 0 0 0 0 0 0 0 0
1307.3581 0 0 0 0 0 0 0 1 0 0 0 0 0 0 0
1307.3582 1 0 0 0 0 0 0 0 0 0 0 0 0 0 0
1307.3583 1 0 0 0 0 0 0 0 0 0 0 0 0 0 0
1307.3584 0 1 1 0 0 0 0 0 0 0 0 0 0 0 0
1307.3585 1 0 0 0 0 0 0 0 0 0 0 0 0 0 0
1307.3586 0 1 1 0 0 0 0 0 0 0 0 0 0 0 0
1307.3587 1 0 0 0 0 0 0 0 0 0 0 0 0 0 0
1307.3588 1 0 0 0 0 0 0 0 0 0 0 0 0 0 0
1307.3589 1 0 0 0 0 0 0 0 2 0 0 0 0 0 0
1307.3590 1 0 0 0 0 0 1 0 0 0 0 0 0 0 0
1307.3592 1 0 0 0 0 0 0 0 0 0 0 0 0 0 0
1307.3594 0 1 1 0 1 0 0 0 0 0 0 0 0 0 0
1307.3595 1 0 0 0 0 0 0 0 0 0 0 0 0 0 0
1307.3596 0 0 0 0 0 0 0 1 0 0 0 0 0 0 0
1307.3597 0 1 1 0 0 0 0 0 0 0 0 0 0 0 0
1307.3598 1 0 0 0 0 0 0 0 0 0 0 0 0 0 0
1307.3600 0 0 0 0 0 1 0 0 0 0 0 0 0 0 0
1307.3601 1 0 0 0 0 0 0 0 0 0 0 0 0 0 0
1307.361 0 1 0 0 0 0 0 0 0 0 0 0 0 0 0
1307.362 1 0 0 0 0 0 0 0 0 0 0 0 0 0 0
1307.364 1 0 0 0 0 0 0 0 0 0 0 0 0 0 0
1307.3663 1 0 0 0 0 0 1 0 0 0 0 0 0 0 0
1307.3664 1 0 0 0 0 0 1 0 0 0 0 0 0 0 0
1307.3665 1 0 0 0 0 0 1 0 0 0 0 0 0 0 0
1307.3666 1 0 0 0 0 0 1 0 0 0 0 0 0 0 0
1307.3667 1 0 0 0 0 0 1 0 0 0 0 0 0 0 0
1307.3668 1 0 0 0 0 0 1 0 0 0 0 0 0 0 0
1307.3669 1 0 0 0 0 0 1 0 0 0 0 0 0 0 0
1307.367 1 0 0 0 0 0 0 0 0 0 0 0 0 0 0
1307.3670 1 0 0 0 0 0 1 0 0 0 0 0 0 0 0
1307.368 1 0 0 0 0 0 0 0 0 0 0 0 0 0 0
1307.369 1 0 0 0 0 0 0 0 0 0 0 0 0 0 0
1307.370 1 0 0 0 0 0 0 0 0 0 0 0 0 0 0
1307.371 1 0 0 0 0 0 0 0 0 0 0 0 0 0 0
1307.372 1 0 0 0 0 0 0 0 0 0 0 0 0 0 0
1307.376 0 0 0 0 0 0 0 0 0 0 0 1 0 0 0
1307.378 1 0 0 0 0 0 0 0 0 0 0 0 0 0 0
1307.379 1 0 0 0 0 0 0 0 1 0 0 0 0 0 0
1307.380 1 0 0 0 0 0 0 0 0 0 0 0 0 0 0
1307.381 0 0 1 0 0 0 0 0 0 0 0 0 0 0 0
1307.383 1 0 0 0 0 0 0 0 0 0 0 0 0 0 0
1307.384 0 0 0 0 0 0 0 0 0 0 0 1 1 0 0
1307.385 1 0 0 0 0 0 0 0 0 0 0 0 0 0 0
1307.388 0 0 0 0 0 1 0 0 0 0 0 0 0 1 0
1307.390 1 0 0 0 0 0 0 0 0 0 0 0 0 0 0
1307.3903 0 0 0 0 0 0 0 1 0 0 0 0 0 0 0
1307.3905 0 0 0 0 0 0 0 1 0 0 0 0 0 0 0
1307.3908 0 0 0 0 0 0 0 1 0 0 0 0 0 0 0
1307.391 0 0 1 0 0 0 0 0 0 0 0 0 0 0 0
1307.3910 0 0 0 1 0 0 0 0 0 0 0 0 0 0 0
1307.3911 1 0 0 0 0 0 1 0 0 0 0 0 0 0 0
1307.3912 0 0 0 0 0 0 0 1 0 0 0 0 0 0 0
1307.3913 0 0 0 0 0 0 0 1 0 0 0 0 0 0 0
1307.392 1 0 0 0 0 0 0 0 0 0 0 0 0 0 0
1307.3923 0 0 0 0 0 0 0 1 0 0 0 0 0 0 0
1307.3931 0 0 0 0 0 0 0 1 0 0 0 0 0 0 0
1307.3933 1 0 0 0 0 0 1 0 0 0 0 0 0 0 0
1307.3937 1 0 0 0 0 0 0 0 0 0 0 0 0 0 0
1307.3939 0 0 0 1 0 0 0 1 0 0 0 0 0 0 0
1307.394 1 0 0 0 0 0 0 0 1 0 0 0 0 0 0
1307.3942 0 0 0 0 0 0 0 1 0 0 0 0 0 0 0
1307.3943 0 0 0 1 0 0 0 1 0 0 0 0 0 0 0
1307.3944 0 0 0 1 0 0 0 1 0 0 0 0 0 0 0
1307.3945 0 0 0 0 0 0 0 1 0 0 0 0 0 0 0
1307.3948 1 0 0 0 0 0 0 0 0 0 0 0 0 0 0
1307.3949 1 0 0 0 0 0 0 0 0 0 0 0 0 0 0
1307.395 1 0 0 0 0 0 0 0 0 0 0 0 0 0 0
1307.3950 1 0 0 0 0 0 0 1 0 0 0 0 0 0 0
1307.3951 1 0 0 0 0 0 0 0 0 0 0 0 0 0 0
1307.3953 1 0 0 0 0 0 0 0 0 0 0 0 0 0 0
1307.3954 1 0 0 0 0 0 1 0 0 0 0 0 0 0 0
1307.397 1 0 0 0 0 0 0 0 0 0 0 0 0 0 0
1307.398 0 0 0 1 0 0 0 0 0 0 0 0 0 0 0
1307.399 0 1 0 0 0 0 0 0 0 0 0 0 0 0 0
1307.400 1 0 0 0 0 0 0 0 0 0 0 0 0 0 0
1307.401 1 0 0 0 0 0 0 0 0 0 0 0 0 0 0
1307.402 0 0 1 0 0 0 0 0 0 0 0 0 0 0 0
1307.403 0 0 1 0 0 0 0 0 0 0 0 0 0 0 0
1307.405 0 0 0 1 0 0 0 0 0 0 0 0 0 0 0
1307.406 1 0 0 0 0 0 0 0 0 0 0 0 0 0 0
1307.407 1 0 0 0 0 0 0 0 0 0 0 0 0 0 0
1307.408 1 0 0 0 0 0 0 0 0 0 0 0 0 0 0
1307.411 0 0 1 0 0 0 0 0 0 0 0 0 0 0 0
1307.412 1 0 0 0 0 0 0 0 0 0 0 0 0 0 0
1307.413 1 0 0 0 0 0 0 0 0 0 0 0 0 0 0
1307.4133 0 1 0 0 0 1 0 0 0 0 0 0 0 0 0
1307.4134 0 1 0 0 1 0 0 0 0 0 0 0 0 0 0
1307.4135 0 1 0 0 0 0 0 0 0 0 0 0 0 0 0
1307.4136 0 1 0 0 1 0 0 0 0 0 0 0 0 0 0
1307.4137 0 1 0 0 1 0 0 0 0 0 0 0 0 0 0
1307.4138 0 0 0 0 0 0 0 1 0 0 0 0 0 0 0
1307.4139 0 1 0 0 1 0 0 0 0 0 0 0 0 0 0
1307.414 0 0 1 0 0 0 0 0 0 0 0 0 0 0 0
1307.4140 0 0 0 1 0 0 0 0 0 0 0 0 0 0 0
1307.4141 0 1 0 0 1 1 0 0 0 0 0 0 0 0 0
1307.4142 0 0 0 0 0 0 0 1 0 0 0 0 0 0 0
1307.4143 0 1 0 0 1 1 0 0 0 0 0 0 0 0 0
1307.4144 0 1 0 0 1 1 0 0 0 0 0 0 0 0 0
1307.4145 0 0 0 1 0 0 0 0 0 0 0 0 0 0 0
1307.4146 0 0 0 0 0 0 0 0 0 0 1 0 0 0 0
1307.4147 0 1 0 0 1 1 0 0 0 0 0 0 0 0 0
1307.4148 0 1 0 0 1 1 0 0 0 0 0 0 0 0 0
1307.4149 0 1 0 0 1 1 0 0 0 0 0 0 0 0 0
1307.415 1 0 0 0 0 0 0 0 0 0 0 0 0 0 0
1307.4150 0 1 0 0 0 0 0 0 0 0 1 0 0 0 0
1307.4151 0 1 0 0 1 1 0 0 0 0 0 0 0 0 0
1307.4152 0 1 0 0 0 0 0 0 0 0 1 0 0 0 0
1307.4153 0 1 0 0 1 0 0 0 0 0 0 0 0 0 0
1307.4155 0 1 0 0 0 0 0 0 0 0 0 0 0 0 0
1307.4157 0 1 0 0 0 0 0 0 0 0 0 0 0 0 0
1307.4158 0 0 0 0 0 0 0 0 0 0 1 0 0 0 0
1307.4159 0 0 0 0 0 1 0 0 0 0 0 0 0 0 0
1307.416 0 0 1 0 0 0 0 0 0 0 0 0 0 0 0
1307.4160 0 0 0 0 0 0 0 0 0 0 1 0 0 0 0
1307.4161 0 0 0 0 0 0 0 0 0 0 1 0 0 0 0
1307.4163 0 0 0 0 0 0 0 0 0 0 0 0 0 0 1
1307.4165 0 0 0 0 0 1 0 0 0 0 1 0 0 0 0
1307.4166 0 1 0 0 0 0 0 0 0 0 0 0 0 0 0
1307.4167 0 1 0 0 0 0 0 0 0 0 0 0 0 0 0
1307.4168 0 1 0 0 0 0 0 0 0 0 1 0 0 0 0
1307.417 0 0 1 0 0 0 0 0 0 0 0 0 0 0 0
1307.4170 0 1 0 0 0 0 0 0 0 0 0 0 0 0 0
1307.4171 0 0 0 0 0 0 0 0 0 0 1 0 0 0 0
1307.4174 0 1 0 0 0 0 0 0 0 0 1 0 0 0 0
1307.4175 0 1 0 0 0 1 0 0 0 0 0 0 0 0 0
1307.4176 0 1 0 0 1 0 0 0 0 0 0 0 0 0 0
1307.4177 0 1 0 0 1 0 0 0 0 0 0 0 0 0 0
1307.4178 0 1 0 0 0 0 0 0 0 0 0 0 0 0 0
1307.4179 0 0 0 0 1 0 0 0 0 0 0 0 0 0 0
1307.418 1 0 0 0 0 0 0 0 0 0 0 0 0 0 0
1307.4180 0 1 0 0 1 0 0 0 0 0 0 0 0 0 0
1307.4182 0 1 0 0 1 0 0 0 0 0 0 0 0 1 0
1307.4183 0 1 0 0 0 0 0 0 0 0 0 0 0 0 0
1307.4184 0 1 0 0 1 0 0 0 0 0 0 0 0 0 0
1307.4185 0 1 0 0 1 0 0 0 0 0 0 0 0 0 0
1307.4186 0 1 0 0 0 0 0 0 0 0 0 0 0 0 0
1307.4187 0 0 0 0 0 0 0 0 0 0 0 1 1 0 0
1307.4188 0 1 0 0 0 0 0 0 0 0 0 0 0 0 0
1307.4189 0 0 0 0 0 0 0 0 0 0 0 1 1 0 0
1307.419 1 0 0 0 0 0 0 0 0 0 0 0 0 0 0
1307.4190 0 0 0 0 0 0 0 0 0 0 0 1 1 0 0
1307.4191 0 0 0 0 0 0 0 0 0 0 0 0 1 0 0
1307.4192 1 0 0 0 0 0 0 0 0 0 0 0 0 0 0
1307.4193 0 0 1 0 0 1 0 0 0 0 1 0 0 0 0
1307.4195 0 0 1 0 0 0 0 0 0 0 1 0 0 0 0
1307.4198 0 0 0 1 0 0 0 0 0 0 0 0 0 0 0
1307.422 1 0 0 0 0 0 0 0 2 0 0 0 0 0 0
1307.423 1 0 0 0 0 0 0 0 0 0 0 0 0 0 0
1307.424 1 0 0 0 0 0 0 0 0 0 0 0 0 0 0
1307.428 1 0 0 0 0 0 0 0 0 0 0 0 0 0 0
1307.433 1 0 0 0 0 0 0 0 0 0 0 0 0 0 0
1307.436 1 0 0 0 0 0 0 0 0 0 0 0 0 0 0
1307.437 1 0 0 0 0 0 0 0 0 0 0 0 0 0 0
1307.438 0 0 0 0 0 0 0 0 0 0 0 0 0 1 0
1307.439 1 0 0 0 0 0 0 0 0 0 0 0 0 0 0
1307.443 1 0 0 0 0 0 0 0 1 0 0 0 0 0 0
1307.444 1 0 0 0 0 0 0 0 0 0 0 0 0 0 0
1307.446 1 0 0 0 0 0 0 0 0 0 0 0 0 0 0
1307.449 0 0 1 0 0 0 0 0 0 0 0 0 0 0 0
1307.450 1 0 0 0 0 0 0 0 0 0 0 0 0 0 0
1307.452 1 0 0 0 0 0 0 0 0 0 0 0 0 0 0
1307.453 1 0 0 0 0 0 0 0 0 0 0 0 0 0 0
1307.454 1 0 0 0 0 0 0 0 0 0 0 0 0 0 0
1307.456 1 0 0 0 0 0 0 0 0 0 0 0 0 0 0
1307.458 0 0 1 0 0 0 0 0 0 0 0 0 0 0 0
1307.459 0 0 0 0 0 0 0 0 0 0 0 1 0 0 0
1307.460 1 0 0 0 0 0 0 0 0 0 0 0 0 0 0
1307.462 1 0 0 0 0 0 0 0 0 0 0 0 0 0 0
1307.464 1 0 0 0 0 0 0 0 0 0 0 0 0 0 0
1307.466 0 1 1 0 0 0 0 0 0 0 1 0 0 0 0
1307.468 0 0 1 0 0 0 0 0 0 0 0 0 0 0 0
1307.469 1 0 0 0 0 0 0 0 0 0 0 0 0 0 0
1307.474 0 0 1 0 0 0 0 0 0 0 0 0 0 0 0
1307.476 1 0 0 0 0 0 0 0 0 0 0 0 0 0 0
1307.477 1 0 0 0 0 0 0 0 0 0 0 0 0 0 0
1307.479 1 0 0 0 0 0 0 0 0 0 0 0 0 0 0
1307.482 1 0 0 0 0 0 0 0 0 0 0 0 0 0 0
1307.483 1 0 0 0 0 0 0 0 0 0 0 0 0 0 0
1307.484 0 0 0 0 0 0 0 0 0 0 0 1 1 0 0
1307.485 1 0 0 0 0 0 0 0 0 0 0 0 0 0 0
1307.487 1 0 0 0 0 0 0 0 0 0 0 0 0 0 0
1307.4877 0 1 1 0 1 0 0 0 0 0 0 0 0 0 0
1307.4878 1 0 0 0 0 0 0 0 0 0 0 0 0 0 0
1307.488 1 0 0 0 0 0 0 0 0 0 0 0 0 0 0
1307.4880 1 0 0 0 0 0 0 0 0 0 0 0 0 0 0
1307.4881 1 0 0 0 0 0 0 0 0 0 0 0 0 0 0
1307.4882 0 0 1 0 1 0 0 0 0 0 0 0 0 0 0
1307.4883 1 0 0 0 0 0 0 0 0 0 0 0 0 0 0
1307.4884 1 0 0 0 0 0 0 0 0 0 0 0 0 0 0
1307.4885 1 0 0 0 0 0 0 0 0 0 0 0 0 0 0
1307.4887 1 0 0 0 0 0 0 0 0 0 0 0 0 0 0
1307.4888 1 0 0 0 0 0 0 0 0 0 0 0 0 0 0
1307.4889 1 0 0 0 0 0 0 0 0 0 0 0 0 0 0
1307.4890 1 0 0 0 0 0 0 0 0 0 0 0 0 0 0
1307.4891 1 0 0 0 0 0 0 0 0 0 0 0 0 0 0
1307.4893 1 0 0 0 0 0 0 0 0 0 0 0 0 0 0
1307.4894 1 0 0 0 0 0 0 0 0 0 0 0 0 0 0
1307.4895 1 0 0 0 0 0 0 0 0 0 0 0 0 0 0
1307.4896 1 0 0 0 0 0 0 0 0 0 0 0 0 0 0
1307.4897 1 0 0 0 0 0 0 0 1 0 0 0 0 0 0
1307.4898 1 0 0 0 0 0 0 0 0 0 0 0 0 0 0
1307.4899 1 0 0 0 0 0 0 0 0 0 0 0 0 0 0
1307.490 1 0 0 0 0 0 0 0 0 0 0 0 0 0 0
1307.4900 1 0 0 0 0 0 0 0 0 0 0 0 0 0 0
1307.4901 1 0 0 0 0 0 0 0 0 0 0 0 0 0 0
1307.4902 1 0 0 0 0 0 0 0 0 0 0 0 0 0 0
1307.4903 1 0 0 0 0 0 0 0 1 0 0 0 0 0 0
1307.4904 1 0 0 0 0 0 0 0 0 0 0 0 0 0 0
1307.4905 1 0 0 0 0 0 0 0 0 0 0 0 0 0 0
1307.4906 1 0 0 0 0 0 0 0 0 0 0 0 0 0 0
1307.4907 1 0 0 0 0 0 0 0 0 0 0 0 0 0 0
1307.4909 1 0 0 0 0 0 0 0 0 0 0 0 0 0 0
1307.491 1 0 0 0 0 0 0 0 0 0 0 0 0 0 0
1307.4910 1 0 0 0 0 0 0 0 0 0 0 0 0 0 0
1307.4911 1 0 0 0 0 0 0 0 0 0 0 0 0 0 0
1307.4912 1 0 0 0 0 0 0 0 0 0 0 0 0 0 0
1307.4913 1 0 0 0 0 0 0 0 0 0 0 0 0 0 0
1307.4914 1 0 0 0 0 0 0 0 0 0 0 0 0 0 0
1307.4915 1 0 0 0 0 0 0 0 0 0 0 0 0 0 0
1307.4916 1 0 0 0 0 0 0 0 0 0 0 0 0 0 0
1307.4917 1 0 0 0 0 0 0 0 0 0 0 0 0 0 0
1307.4918 1 0 0 0 0 0 0 0 0 0 0 0 0 0 0
1307.4919 1 0 0 0 0 0 0 0 0 0 0 0 0 0 0
1307.492 0 1 0 0 0 0 0 0 0 0 0 0 0 0 0
1307.4920 1 0 0 0 0 0 0 0 0 0 0 0 0 0 0
1307.4921 1 0 0 0 0 0 0 0 0 0 0 0 0 0 0
1307.4922 1 0 0 0 0 0 0 0 0 0 0 0 0 0 0
1307.4923 1 0 0 0 0 0 0 0 0 0 0 0 0 0 0
1307.4924 1 1 0 0 0 0 0 0 0 0 0 0 0 0 0
1307.4925 1 0 0 0 0 0 0 0 0 0 0 0 0 0 0
1307.4926 1 0 0 0 0 0 0 0 0 0 0 0 0 0 0
1307.4927 1 0 0 0 0 0 0 0 0 0 0 0 0 0 0
1307.4928 1 0 0 0 0 0 0 0 0 0 0 0 0 0 0
1307.4929 1 0 0 0 0 0 0 0 0 0 0 0 0 0 0
1307.493 1 0 0 0 0 0 0 0 0 0 0 0 0 0 0
1307.4930 0 0 0 0 0 0 0 0 2 0 0 0 0 0 0
1307.4931 1 0 0 0 0 0 0 0 0 0 0 0 0 0 0
1307.4932 1 0 0 0 0 0 0 0 0 0 0 0 0 0 0
1307.4933 1 0 0 0 0 0 0 0 0 0 0 0 0 0 0
1307.4934 1 0 0 0 0 0 1 0 0 0 0 0 0 0 0
1307.4936 1 0 0 0 0 0 0 0 0 0 0 0 0 0 0
1307.4937 1 0 0 0 0 0 0 0 0 0 0 0 0 0 0
1307.4938 1 0 0 0 0 0 0 0 0 0 0 0 0 0 0
1307.4939 1 0 0 0 0 0 0 0 0 0 0 0 0 0 0
1307.4940 1 0 0 0 0 0 0 0 0 0 0 0 0 0 0
1307.4941 1 0 0 0 0 0 0 0 0 0 0 0 0 0 0
1307.4942 1 0 0 0 0 0 0 0 0 0 0 0 0 0 0
1307.4943 1 0 0 0 0 0 0 0 0 0 0 0 0 0 0
1307.4944 1 0 0 0 0 0 0 0 0 0 0 0 0 0 0
1307.4945 1 0 0 0 0 0 0 0 0 0 0 0 0 0 0
1307.4946 1 0 0 0 0 0 0 0 0 0 0 0 0 0 0
1307.4947 1 0 0 0 0 0 0 0 0 0 0 0 0 0 0
1307.4948 1 0 0 0 0 0 0 0 0 0 0 0 0 0 0
1307.4949 1 0 0 0 0 0 1 0 0 0 0 0 0 0 0
1307.495 0 0 1 0 0 0 0 0 0 0 0 0 0 0 0
1307.4950 1 0 0 0 0 0 1 0 0 0 0 0 0 0 0
1307.4951 1 0 0 0 0 0 0 0 0 0 0 0 0 0 0
1307.4952 1 0 0 0 0 0 0 0 0 0 0 0 0 0 0
1307.4953 1 0 0 0 0 0 0 0 0 0 0 0 0 0 0
1307.4954 1 0 0 0 0 0 0 0 0 0 0 0 0 0 0
1307.4955 1 0 0 0 0 0 0 0 0 0 0 0 0 0 0
1307.4956 1 0 0 0 0 0 0 1 0 0 0 0 0 0 0
1307.4957 1 0 0 0 0 0 0 0 0 0 0 0 0 0 0
1307.4958 1 0 0 0 0 0 0 0 0 0 0 0 0 0 0
1307.4959 1 0 0 0 0 0 0 0 0 0 0 0 0 0 0
1307.496 1 0 0 0 0 0 0 0 0 0 0 0 0 0 0
1307.4960 1 0 0 0 0 0 0 0 0 0 0 0 0 0 0
1307.4961 1 0 0 0 0 0 0 0 0 0 0 0 0 0 0
1307.4962 1 0 0 0 0 0 0 0 0 0 0 0 0 0 0
1307.4963 1 0 0 0 0 0 0 0 0 0 0 0 0 0 0
1307.4964 1 0 0 0 0 0 0 0 0 0 0 0 0 0 0
1307.4965 1 0 0 0 0 0 0 0 0 0 0 0 0 0 0
1307.4966 1 0 0 0 0 0 1 0 0 0 0 0 0 0 0
1307.4967 1 0 0 0 0 0 0 0 0 0 0 0 0 0 0
1307.4968 1 0 0 0 0 0 0 0 0 0 0 0 0 0 0
1307.4969 1 0 0 0 0 0 0 0 0 0 0 0 0 0 0
1307.4970 1 0 0 0 0 0 0 0 0 0 0 0 0 0 0
1307.4971 1 0 0 0 0 0 0 0 0 0 0 0 0 0 0
1307.4972 1 0 0 0 0 0 0 0 0 0 0 0 0 0 0
1307.4973 1 0 0 0 0 0 0 0 0 0 0 0 0 0 0
1307.4974 1 0 0 0 0 0 0 0 0 0 0 0 0 0 0
1307.4975 1 0 0 0 0 0 0 0 0 0 0 0 0 0 0
1307.4976 1 0 0 0 0 0 0 0 0 0 0 0 0 0 0
1307.4977 1 0 0 0 0 0 0 0 0 0 0 0 0 0 0
1307.4979 0 0 0 0 0 1 0 0 0 0 0 0 0 0 0
1307.498 1 0 0 0 0 0 0 0 0 0 0 0 0 0 0
1307.4980 0 0 0 0 0 1 0 0 0 0 0 0 0 0 0
1307.4981 0 0 0 0 0 1 0 0 0 0 0 0 0 0 0
1307.4982 0 0 0 0 1 1 0 0 0 0 0 0 0 0 0
1307.4984 0 0 0 1 0 0 0 0 0 0 0 0 0 0 0
1307.4985 1 0 0 0 0 0 1 0 0 0 0 0 0 0 0
1307.4987 0 0 0 0 0 1 0 0 0 0 1 0 0 0 0
1307.4988 0 1 0 0 1 0 0 0 0 0 0 0 0 1 0
1307.499 1 0 0 0 0 0 0 0 0 0 0 0 0 0 0
1307.4990 1 0 0 0 0 0 1 0 0 0 0 0 0 0 0
1307.4994 0 1 1 0 1 0 0 0 0 0 0 0 0 0 0
1307.4995 0 0 0 1 0 0 0 0 0 0 0 0 0 1 0
1307.4996 0 0 0 1 0 0 0 0 0 0 0 0 0 0 0
1307.4998 0 0 0 1 0 0 0 1 0 0 0 0 0 0 0
1307.4999 1 0 0 0 0 0 1 0 0 0 0 0 0 0 0
1307.500 0 0 0 0 0 0 0 0 0 0 0 0 0 1 0
1307.5000 0 0 1 0 1 0 0 0 0 0 0 0 0 0 0
1307.5001 0 0 1 0 1 0 0 0 0 0 0 0 0 0 0
1307.5002 0 0 0 0 0 1 0 0 0 0 0 0 0 0 0
1307.5003 1 0 0 0 0 0 0 0 0 0 0 0 0 0 0
1307.5005 0 0 0 0 1 1 0 0 0 0 0 0 0 0 0
1307.5006 0 0 0 0 0 1 0 0 0 0 0 0 0 0 0
1307.5007 0 1 0 0 0 0 0 0 0 0 1 0 0 0 0
1307.501 1 0 0 0 0 0 0 0 0 0 0 0 0 0 0
1307.5010 1 0 0 0 0 0 0 0 0 0 0 0 0 0 0
1307.5011 1 0 0 0 0 0 0 0 0 0 0 0 0 0 0
1307.5026 0 0 0 0 1 0 0 0 0 0 0 1 1 0 0
1307.5028 0 0 0 0 0 1 0 0 0 0 0 0 0 0 0
1307.503 1 0 0 0 0 0 0 0 0 0 0 0 0 0 0
1307.5030 0 0 0 0 0 0 0 0 0 0 0 1 1 0 0
1307.5033 0 1 0 0 0 1 0 0 0 0 0 0 0 0 0
1307.5034 0 0 0 0 1 0 0 0 0 0 0 1 1 0 0
1307.5036 0 0 0 0 0 1 0 0 0 0 0 0 0 0 0
1307.5037 0 0 0 0 0 1 0 0 0 0 0 0 0 0 0
1307.5039 0 1 0 0 0 0 0 0 0 0 0 0 0 0 0
1307.504 0 0 1 0 0 0 0 0 0 0 0 0 0 0 0
1307.5041 0 1 0 0 0 0 0 0 0 0 0 0 0 0 0
1307.5042 0 1 0 0 0 0 0 0 0 0 0 0 0 0 0
1307.5043 0 1 0 0 0 0 0 0 0 0 0 0 0 0 0
1307.5044 0 1 0 0 0 0 0 0 0 0 0 0 0 0 0
1307.5045 0 1 0 0 0 0 0 0 0 0 0 0 0 0 0
1307.5046 0 0 0 0 0 0 0 0 0 0 0 1 1 0 0
1307.5047 0 0 0 0 0 0 0 0 0 0 1 0 0 0 0
1307.5049 0 0 0 0 0 0 0 0 0 0 1 0 0 0 0
1307.5050 1 0 0 0 0 0 1 0 0 0 0 0 0 0 0
1307.5051 0 0 0 0 1 1 0 0 0 0 0 0 0 0 0
1307.5052 0 1 0 0 1 0 0 0 0 0 0 0 0 1 0
1307.5053 1 0 0 0 0 0 1 0 0 0 0 0 0 0 0
1307.5055 1 1 0 0 0 0 0 0 0 0 0 0 0 0 0
1307.5056 0 1 0 0 1 0 0 0 0 0 0 0 0 1 0
1307.5057 1 1 0 0 0 0 0 0 0 0 0 0 0 0 0
1307.5058 1 0 0 0 0 0 1 0 0 0 0 0 0 0 0
1307.5059 1 0 0 0 0 0 1 0 0 0 0 0 0 0 0
1307.506 1 0 0 0 0 0 0 0 0 0 0 0 0 0 0
1307.5060 1 0 0 0 0 0 0 0 0 0 0 0 0 0 0
1307.5061 1 0 0 0 0 0 1 0 0 0 0 0 0 0 0
1307.5062 1 1 0 0 0 0 0 0 0 0 0 0 0 0 0
1307.5063 1 0 0 0 0 0 0 0 0 0 0 0 0 0 0
1307.5064 0 0 0 1 0 0 0 0 0 0 0 0 0 1 0
1307.5065 1 0 0 0 0 0 0 0 0 0 0 0 0 0 0
1307.5066 0 0 0 0 0 1 0 0 0 0 0 0 0 0 0
1307.5067 1 0 0 0 0 0 0 0 0 0 0 0 0 0 0
1307.5069 1 0 0 0 0 0 1 0 0 0 0 0 0 0 0
1307.5070 1 0 0 0 0 0 0 0 0 0 0 0 0 0 0
1307.5071 1 0 0 0 0 0 0 0 0 0 0 0 0 0 0
1307.5072 1 0 0 0 0 0 0 0 0 0 0 0 0 0 0
1307.5073 1 0 0 0 0 0 0 0 0 0 0 0 0 0 0
1307.5074 1 0 0 0 0 0 1 0 0 0 0 0 0 0 0
1307.5075 0 0 1 0 0 0 0 0 0 0 0 0 0 0 0
1307.5076 1 0 0 0 0 0 1 0 0 0 0 0 0 0 0
1307.5077 0 1 1 0 1 0 0 0 0 0 0 0 0 0 0
1307.5078 1 0 0 0 0 0 0 1 0 0 0 0 0 0 0
1307.5079 0 0 1 0 0 0 0 0 0 0 0 0 0 0 0
1307.5080 1 0 0 0 0 0 0 0 2 0 0 0 0 0 0
1307.5081 0 1 0 0 0 0 0 0 0 0 0 0 0 0 0
1307.5082 1 0 0 0 0 0 1 0 0 0 0 0 0 0 0
1307.5083 1 0 0 0 0 0 1 0 0 0 0 0 0 0 0
1307.5084 1 0 0 0 0 0 1 0 0 0 0 0 0 0 0
1307.5085 1 0 0 0 0 0 1 0 0 0 0 0 0 0 0
1307.5086 1 0 0 0 0 0 1 0 0 0 0 0 0 0 0
1307.5087 1 1 0 0 0 0 0 0 0 0 0 0 0 0 0
1307.5089 1 0 0 0 0 0 1 0 0 0 0 0 0 0 0
1307.5090 1 0 0 0 0 0 1 0 0 0 0 0 0 0 0
1307.5091 1 1 0 0 0 0 0 0 0 0 0 0 0 0 0
1307.5092 1 0 0 0 0 0 1 0 0 0 0 0 0 0 0
1307.5093 1 0 0 0 0 0 0 0 0 0 0 0 0 0 0
1307.5094 1 0 0 0 0 0 1 0 0 0 0 0 0 0 0
1307.5095 0 1 1 0 0 0 0 0 0 0 0 0 0 0 0
1307.5096 1 0 0 0 0 0 1 0 0 0 0 0 0 0 0
1307.512 1 0 0 0 0 0 0 0 0 0 0 0 0 0 0
1307.5123 1 0 0 0 0 0 0 0 0 0 0 0 0 0 0
1307.5125 1 0 0 0 0 0 0 0 0 0 0 0 0 0 0
1307.5126 1 0 0 0 0 0 0 0 0 0 0 0 0 0 0
1307.5127 1 0 0 0 0 0 1 0 0 0 0 0 0 0 0
1307.5128 0 2 0 0 0 0 0 0 0 1 0 0 0 0 0
1307.5129 1 0 0 0 0 0 0 0 1 0 0 0 0 0 0
1307.5130 1 0 0 0 0 0 0 0 0 0 0 0 0 0 0
1307.515 1 0 0 0 0 0 0 0 0 0 0 0 0 0 0
1307.516 0 0 0 0 0 0 0 0 0 0 0 1 1 0 0
1307.517 1 0 0 0 0 0 0 0 0 0 0 0 0 0 0
1307.519 1 0 0 0 0 0 0 0 0 0 0 0 0 0 0
1307.5293 0 0 1 0 0 0 0 0 0 0 1 0 0 0 0
1307.5294 1 0 0 0 0 0 0 0 0 0 0 0 0 0 0
1307.5297 0 0 0 0 1 0 0 0 0 0 0 0 0 1 0
1307.5299 0 0 0 0 1 0 0 0 0 0 0 0 0 0 0
1307.5300 0 0 0 0 1 0 0 0 0 0 0 0 0 0 0
1307.5301 1 0 0 0 0 0 1 0 0 0 0 0 0 0 0
1307.5302 0 0 0 0 0 1 0 0 0 0 0 0 0 0 0
1307.5303 1 0 0 0 0 0 1 0 0 0 0 0 0 0 0
1307.5304 1 0 0 0 0 0 0 0 0 0 0 0 0 0 0
1307.5305 1 0 0 0 0 0 1 0 0 0 0 0 0 0 0
1307.5306 0 1 0 0 0 0 0 0 0 1 0 0 0 0 0
1307.5307 0 0 0 0 1 0 0 0 0 1 0 0 0 1 0
1307.5308 0 0 0 0 1 0 0 0 0 1 0 0 0 1 0
1307.5309 1 0 0 0 0 0 1 0 0 0 0 0 0 0 0
1307.5310 0 1 0 0 1 0 0 0 0 0 0 0 0 0 0
1307.5311 0 0 0 1 0 0 0 1 0 0 0 0 0 0 0
1307.5312 1 0 0 0 0 0 0 0 0 0 0 0 0 0 0
1307.5313 1 0 0 0 0 0 0 0 0 0 0 0 0 0 0
1307.5315 1 0 0 0 0 0 1 0 0 0 0 0 0 0 0
1307.5316 0 0 0 0 0 0 0 0 0 0 0 0 0 1 0
1307.5317 0 0 1 0 0 0 0 0 0 0 0 0 0 0 0
1307.5319 0 0 1 0 0 0 0 0 0 0 0 0 0 0 0
1307.5321 0 0 0 0 1 0 0 0 0 0 0 0 0 0 0
1307.5322 0 0 0 0 1 0 0 0 0 0 0 0 0 0 0
1307.5323 1 0 0 0 0 0 1 0 0 0 0 0 0 0 0
1307.5326 0 0 1 0 0 0 0 0 0 0 0 0 0 0 0
1307.5327 0 0 1 0 1 0 0 0 0 0 0 0 0 0 0
1307.5328 0 1 0 0 0 0 0 0 0 0 0 0 0 0 0
1307.5329 1 0 0 0 0 0 0 0 0 0 0 0 0 0 0
1307.5330 1 0 0 0 0 0 0 0 0 0 0 0 0 0 0
1307.5331 0 0 0 0 0 1 0 0 0 0 0 0 0 0 0
1307.5539 0 0 0 0 0 0 0 0 0 0 0 0 0 0 1
1307.5540 0 0 0 0 0 0 0 0 0 0 1 0 0 0 0
1307.5541 0 0 0 0 0 0 0 0 0 0 0 0 0 0 1
1307.5542 0 0 0 0 0 0 0 0 0 0 1 0 0 0 0
1307.5543 0 0 0 0 0 0 0 0 0 0 0 0 0 0 1
1307.5544 0 0 0 0 0 0 0 0 0 0 0 0 0 0 1
1307.5545 0 0 0 0 0 0 0 0 0 0 1 0 0 0 0
1307.5546 0 0 0 0 0 0 0 1 0 0 0 0 0 0 0
1307.5548 0 0 0 0 0 0 0 1 0 0 0 0 0 0 0
1307.5551 0 0 0 0 0 0 0 1 0 0 0 0 0 0 0
1307.5552 0 0 0 0 0 0 0 1 0 0 0 0 0 0 0
1307.5556 0 0 0 0 0 0 0 1 0 0 0 0 0 0 0
1307.5558 0 0 0 0 0 0 0 1 0 0 0 0 0 0 0
1307.5561 0 0 0 0 0 0 0 1 0 0 0 0 0 0 0
1307.5562 0 0 0 0 0 0 0 1 0 0 0 0 0 0 0
1307.5563 0 0 0 0 0 0 0 1 0 0 0 0 0 0 0
1307.5565 0 0 0 0 0 0 0 1 0 0 0 0 0 0 0
1307.5568 0 0 0 0 0 0 0 1 0 0 0 0 0 0 0
1307.5569 0 0 0 0 0 0 0 1 0 0 0 0 0 0 0
1307.5571 0 0 0 0 0 0 0 1 0 0 0 0 0 0 0
1307.5572 0 0 0 0 0 0 0 1 0 0 0 0 0 0 0
1307.5574 0 1 0 0 0 0 0 0 0 0 0 0 0 0 0
1307.5575 0 1 0 0 0 0 0 0 0 0 0 0 0 0 0
1307.5576 0 1 0 0 0 0 0 0 0 0 0 0 0 0 0
1307.5577 0 1 0 0 0 0 0 0 0 0 0 0 0 0 0
1307.5578 0 1 0 0 0 0 0 0 0 0 0 0 0 0 0
1307.5579 0 1 0 0 0 0 0 0 0 0 0 0 0 0 0
1307.5580 0 1 0 0 0 0 0 0 0 0 0 0 0 0 0
1307.5581 0 1 0 0 0 0 0 0 0 0 0 0 0 0 0
1307.5582 0 1 0 0 0 0 0 0 0 0 0 0 0 0 0
1307.5583 0 1 0 0 1 0 0 0 0 0 0 0 0 1 0
1307.5584 0 0 0 1 0 0 0 0 0 0 0 0 0 0 0
1307.5586 0 1 0 0 0 0 0 0 0 0 0 0 0 0 0
1307.5588 0 1 0 0 0 0 0 0 0 0 0 0 0 0 0
1307.5589 0 1 0 0 0 0 0 0 0 0 0 0 0 0 0
1307.5590 0 1 0 0 0 0 0 0 0 0 0 0 0 0 0
1307.5591 0 1 0 0 0 0 0 0 0 0 0 0 0 0 0
1307.5592 0 1 0 0 0 0 0 0 0 0 0 0 0 0 0
1307.5595 0 1 0 0 0 0 0 0 0 0 0 0 0 0 0
1307.5596 0 1 0 0 0 0 0 0 0 0 0 0 0 0 0
1307.5597 0 1 0 0 0 0 0 0 0 0 0 0 0 0 0
1307.5605 0 1 0 0 0 0 0 0 0 0 0 0 0 0 0
1307.5606 0 1 0 0 0 0 0 0 0 0 0 0 0 0 0
1307.5607 0 0 0 0 0 1 0 0 0 0 0 0 0 0 0
1307.5610 1 0 0 0 0 0 0 0 0 0 0 0 0 0 0
1307.5612 0 0 0 1 0 0 0 0 0 0 0 0 0 0 0
1307.5613 1 0 0 0 0 0 0 0 0 0 0 0 0 0 0
1307.5627 1 0 0 0 0 0 0 0 0 0 0 0 0 0 0
1307.5630 0 1 0 0 0 0 0 0 0 0 0 0 0 0 0
1307.5631 0 0 1 0 0 1 0 0 0 0 1 0 0 0 0
1307.5632 0 0 1 0 0 0 0 0 0 0 1 0 0 0 0
1307.5637 1 0 0 0 0 0 0 0 0 0 0 0 0 0 0
1307.565 0 1 0 0 0 1 0 0 0 0 1 0 0 0 0
1307.567 1 0 0 0 0 0 0 0 0 0 0 0 0 0 0
1307.568 0 1 0 0 0 0 0 0 0 0 0 0 0 0 0
1307.570 1 0 0 0 0 0 0 0 0 0 0 0 0 0 0
1307.571 0 1 0 0 0 0 0 0 0 0 0 0 0 0 0
1307.572 1 0 0 0 0 0 0 0 0 0 0 0 0 0 0
1307.574 1 0 0 0 0 0 0 0 0 0 0 0 0 0 0
1307.575 1 0 0 0 0 0 0 0 0 0 0 0 0 0 0
1307.5757 0 0 0 0 0 0 0 0 0 0 0 0 0 1 0
1307.5758 0 0 0 0 0 0 0 0 0 0 0 0 0 1 0
1307.5759 0 0 0 0 0 0 0 0 0 0 0 0 0 1 0
1307.576 1 0 0 0 0 0 0 0 0 0 0 0 0 0 0
1307.5760 0 0 0 0 0 0 0 0 0 0 0 0 0 1 0
1307.5761 0 0 0 0 0 0 0 0 0 0 0 0 0 1 0
1307.5762 0 0 0 0 0 0 0 0 0 0 0 0 0 1 0
1307.5763 1 0 0 0 0 0 0 0 0 0 0 0 0 0 0
1307.5764 0 0 0 0 0 0 0 0 0 0 0 0 0 1 0
1307.5765 1 0 0 0 0 0 0 0 0 0 0 0 0 0 0
1307.5766 0 0 0 0 0 1 0 0 0 0 0 0 0 0 0
1307.577 1 0 0 0 0 0 0 0 0 0 0 0 0 0 0
1307.580 0 1 0 0 0 0 0 0 0 0 0 0 0 0 0
1307.582 0 1 0 0 0 0 0 0 0 0 0 0 0 0 0
1307.583 1 0 0 0 0 0 0 0 0 0 0 0 0 0 0
1307.584 1 0 0 0 0 0 0 0 0 0 0 0 0 0 0
1307.585 1 0 0 0 0 0 0 0 0 0 0 0 0 0 0
1307.5850 1 0 0 0 0 0 0 0 0 0 0 0 0 0 0
1307.5851 1 0 0 0 0 0 1 0 0 0 0 0 0 0 0
1307.5852 1 0 0 0 0 0 1 0 0 0 0 0 0 0 0
1307.588 1 0 0 0 0 0 0 0 0 0 0 0 0 0 0
1307.5888 0 0 0 0 1 0 0 0 0 0 0 0 0 1 0
1307.589 0 0 0 0 0 0 0 0 0 0 0 1 1 0 0
1307.590 1 0 0 0 0 0 0 0 0 0 0 0 0 0 0
1307.591 0 0 1 0 0 0 0 0 0 0 0 0 0 0 0
1307.5916 1 0 0 0 0 0 0 0 0 0 0 0 0 0 0
1307.5917 1 1 0 0 0 0 0 0 0 0 0 0 0 0 0
1307.593 1 0 0 0 0 0 0 0 0 0 0 0 0 0 0
1307.594 1 0 0 0 0 0 0 0 0 0 0 0 0 0 0
1307.5967 0 0 0 0 0 1 0 0 0 0 0 0 0 0 0
1307.5968 1 0 0 0 0 0 0 0 0 0 0 0 0 0 0
1307.5969 1 0 0 0 0 0 0 0 0 0 0 0 0 0 0
1307.597 0 0 1 0 0 1 0 0 0 0 0 0 0 0 0
1307.5977 0 1 0 0 1 0 0 0 0 0 0 0 0 0 0
1307.598 1 0 0 0 0 0 0 0 0 0 0 0 0 0 0
1307.599 0 0 0 0 0 0 0 0 0 0 0 0 0 1 0
1307.5997 0 0 1 0 0 0 0 0 0 0 0 0 0 0 0
1307.5998 0 0 0 1 0 0 0 0 0 0 0 0 0 0 0
1307.5999 0 0 0 1 0 0 0 0 0 0 0 0 0 0 0
1307.6000 0 0 0 1 0 0 0 0 0 0 0 0 0 0 0
1307.6001 0 0 0 1 0 0 0 0 0 0 0 0 0 0 0
1307.6002 0 0 0 1 0 0 0 0 0 0 0 0 0 0 0
1307.6003 0 0 0 1 0 0 0 0 0 0 0 0 0 0 0
1307.6004 0 0 0 1 0 0 0 0 0 0 0 0 0 0 0
1307.6005 0 0 0 1 0 0 0 0 0 0 0 0 0 0 0
1307.601 1 0 0 0 0 0 0 0 0 0 0 0 0 0 0
1307.602 1 0 0 0 0 0 0 0 0 0 0 0 0 0 0
1307.603 1 0 0 0 0 0 0 0 0 0 0 0 0 0 0
1307.606 1 0 0 0 0 0 0 0 0 0 0 0 0 0 0
1307.607 0 0 0 0 1 0 0 0 0 0 0 0 0 0 0
1307.608 0 0 0 0 0 0 0 0 0 0 0 1 1 0 0
1307.613 0 1 0 0 0 0 0 0 0 0 0 0 0 0 0
1307.616 0 1 0 0 0 0 0 0 0 0 0 0 0 0 0
1307.619 1 0 0 0 0 0 0 0 0 0 0 0 0 0 0
1307.620 0 2 0 0 0 0 0 0 0 1 0 0 0 0 0
1307.621 0 0 1 0 0 0 0 0 0 0 0 0 0 0 0
1307.623 0 0 1 0 0 0 0 0 0 0 0 0 0 0 0
1307.625 1 0 0 0 0 0 0 0 0 0 0 0 0 0 0
1307.627 1 0 0 0 0 0 0 0 0 0 0 0 0 0 0
1307.629 1 0 0 0 0 0 0 0 1 0 0 0 0 0 0
1307.630 1 0 0 0 0 0 0 0 0 0 0 0 0 0 0
1307.631 1 0 0 0 0 0 0 0 0 0 0 0 0 0 0
1307.632 0 0 0 1 0 0 0 0 0 0 0 0 0 0 0
1307.633 1 0 0 0 0 0 0 0 0 0 0 0 0 0 0
1307.634 1 0 0 0 0 0 0 0 0 0 0 0 0 0 0
1307.636 1 0 0 0 0 0 0 0 0 0 0 0 0 0 0
1307.638 1 0 0 0 0 0 0 0 0 0 0 0 0 0 0
1307.639 1 0 0 0 0 0 0 0 0 0 0 0 0 0 0
1307.640 1 0 0 0 0 0 0 0 0 0 0 0 0 0 0
1307.641 1 0 0 0 0 0 0 0 0 0 0 0 0 0 0
1307.642 0 0 1 0 0 0 0 0 0 0 0 0 0 0 0
1307.645 1 0 0 0 0 0 0 0 0 0 0 0 0 0 0
1307.646 0 0 0 0 0 0 0 0 0 0 0 1 1 0 0
1307.647 1 0 0 0 0 0 0 0 0 0 0 0 0 0 0
1307.648 1 1 0 0 0 0 0 0 0 0 0 0 0 0 0
1307.649 1 0 0 0 0 0 0 0 0 0 0 0 0 0 0
1307.650 0 1 0 0 0 0 0 0 0 0 0 0 0 0 0
1307.651 1 0 0 0 0 0 0 0 0 0 0 0 0 0 0
1307.6521 0 0 0 0 0 1 0 0 0 0 0 0 0 0 0
1307.6522 1 0 0 0 0 0 0 0 0 0 0 0 0 0 0
1307.6523 1 0 0 0 0 0 0 0 0 0 0 0 0 0 0
1307.6524 0 0 0 1 0 0 0 0 1 0 0 0 0 0 0
1307.6525 1 0 0 0 0 0 0 0 0 0 0 0 0 0 0
1307.6527 1 0 0 0 0 0 0 0 1 0 0 0 0 0 0
1307.6528 0 0 0 0 0 0 0 0 1 0 0 0 0 0 0
1307.6529 0 1 0 0 1 0 0 0 0 0 0 0 0 0 0
1307.6531 0 0 0 0 0 0 0 0 0 0 0 0 0 0 1
1307.6536 0 0 0 0 0 0 0 0 0 0 0 1 0 0 0
1307.654 1 0 0 0 0 0 0 0 0 0 0 0 0 0 0
1307.6540 1 0 0 0 1 0 0 0 0 0 0 0 0 0 0
1307.6543 0 0 0 0 1 0 0 0 0 1 0 0 0 1 0
1307.656 1 0 0 0 0 0 0 0 0 0 0 0 0 0 0
1307.658 1 0 0 0 0 0 0 0 0 0 0 0 0 0 0
1307.660 1 0 0 0 0 0 0 0 0 0 0 0 0 0 0
1307.662 1 0 0 0 0 0 0 0 0 0 0 0 0 0 0
1307.663 0 0 1 0 0 0 0 0 0 0 0 0 0 0 0
1307.666 1 0 0 0 0 0 0 0 0 0 0 0 0 0 0
1307.668 1 0 0 0 0 0 0 0 0 0 0 0 0 0 0
1307.669 0 0 1 0 0 0 0 0 0 0 0 0 0 0 0
1307.670 1 0 0 0 0 0 0 0 0 0 0 0 0 0 0
1307.671 1 0 0 0 0 0 0 0 0 0 0 0 0 0 0
1307.672 1 0 0 0 0 0 0 0 0 0 0 0 0 0 0
1307.673 1 0 0 0 0 0 0 0 0 0 0 0 0 0 0
1307.675 0 1 0 0 0 0 0 0 0 0 0 0 0 0 0
1307.676 0 0 0 0 0 0 0 0 0 0 0 1 1 0 0
1307.678 1 0 0 0 0 0 0 0 0 0 0 0 0 0 0
1307.680 0 0 1 0 0 0 0 0 0 0 0 0 0 0 0
1307.682 1 0 0 0 0 0 0 0 0 0 0 0 0 0 0
1307.683 1 0 0 0 0 0 0 0 0 0 0 0 0 0 0
1307.686 1 0 0 0 0 0 0 0 0 0 0 0 0 0 0
1307.687 1 0 0 0 0 0 0 0 0 0 0 0 0 0 0
1307.689 1 0 0 0 0 0 0 0 0 0 0 0 0 0 0
1307.691 0 0 1 0 0 0 0 0 0 0 0 0 0 0 0
1307.694 0 0 1 0 0 0 0 0 0 0 0 0 0 0 0
1307.697 0 0 0 0 0 0 0 0 0 0 0 1 1 0 0
1307.698 1 0 0 0 0 0 0 0 0 0 0 0 0 0 0
1307.701 1 0 0 0 0 0 0 0 0 0 0 0 0 0 0
1307.704 1 0 0 0 0 0 0 0 0 0 0 0 0 0 0
1307.705 0 0 0 0 0 1 0 0 0 0 0 0 0 0 0
1307.706 1 0 0 0 0 0 0 0 0 0 0 0 0 0 0
1307.708 1 0 0 0 0 0 0 0 0 0 0 0 0 0 0
1307.709 1 0 0 0 0 0 0 0 0 0 0 0 0 0 0
1307.710 1 0 0 0 0 0 0 0 0 0 0 0 0 0 0
1307.711 1 0 0 0 0 0 0 0 0 0 0 0 0 0 0
1307.712 1 0 0 0 0 0 0 0 0 0 0 0 0 0 0
1307.714 1 0 0 0 0 0 0 0 0 0 0 0 0 0 0
1307.717 1 0 0 0 0 0 0 0 0 0 0 0 0 0 0
1307.720 1 0 0 0 0 0 0 0 0 0 0 0 0 0 0
1307.721 1 0 0 0 0 0 0 0 0 0 0 0 0 0 0
1307.722 1 0 0 0 0 0 0 0 0 0 0 0 0 0 0
1307.723 1 0 0 0 0 0 0 0 0 0 0 0 0 0 0
1307.724 1 0 0 0 0 0 0 0 0 0 0 0 0 0 0
1307.725 1 0 0 0 0 0 0 0 0 0 0 0 0 0 0
1307.726 1 0 0 0 0 0 0 0 0 0 0 0 0 0 0
1307.727 1 0 0 0 0 0 0 0 0 0 0 0 0 0 0
1307.728 1 0 0 0 0 0 0 0 0 0 0 0 0 0 0
1307.729 1 0 0 0 0 0 0 0 0 0 0 0 0 0 0
1307.730 1 0 0 0 0 0 0 0 0 0 0 0 0 0 0
1307.731 1 0 0 0 0 0 0 0 0 0 0 0 0 0 0
1307.732 1 0 0 0 0 0 0 0 0 0 0 0 0 0 0
1307.733 1 0 0 0 0 0 0 0 0 0 0 0 0 0 0
1307.734 1 0 0 0 0 0 0 0 0 0 0 0 0 0 0
1307.735 1 0 0 0 0 0 0 0 0 0 0 0 0 0 0
1307.737 1 0 0 0 0 0 0 0 0 0 0 0 0 0 0
1307.738 1 0 0 0 0 0 0 0 0 0 0 0 0 0 0
1307.739 1 0 0 0 0 0 0 0 0 0 0 0 0 0 0
1307.740 1 0 0 0 0 0 0 0 0 0 0 0 0 0 0
1307.743 1 0 0 0 0 0 0 0 0 0 0 0 0 0 0
1307.744 1 0 0 0 0 0 0 0 0 0 0 0 0 0 0
1307.745 1 0 0 0 0 0 0 0 0 0 0 0 0 0 0
1307.746 1 0 0 0 0 0 0 0 0 0 0 0 0 0 0
1307.748 0 0 1 0 0 0 0 0 0 0 0 0 0 0 0
1307.749 0 0 1 0 0 1 0 0 0 0 0 0 0 0 0
1307.750 1 0 0 0 0 0 0 0 0 0 0 0 0 0 0
1307.751 1 0 0 0 0 0 0 0 0 0 0 0 0 0 0
1307.752 1 0 0 0 0 0 0 0 0 0 0 0 0 0 0
1307.755 1 0 0 0 0 0 0 0 0 0 0 0 0 0 0
1307.756 1 0 0 0 0 0 0 0 0 0 0 0 0 0 0
1307.757 1 0 0 0 0 0 0 0 0 0 0 0 0 0 0
1307.758 1 0 0 0 0 0 0 0 0 0 0 0 0 0 0
1307.759 0 0 0 0 0 0 0 0 0 0 0 1 0 0 0
1307.760 1 0 0 0 0 0 0 0 0 0 0 0 0 0 0
1307.761 1 0 0 0 0 0 0 0 0 0 0 0 0 0 0
1307.762 1 0 0 0 0 0 0 0 1 0 0 0 0 0 0
1307.763 1 0 0 0 0 0 0 0 0 0 0 0 0 0 0
1307.764 1 0 0 0 0 0 0 0 0 0 0 0 0 0 0
1307.766 0 0 1 0 0 0 0 0 0 0 0 0 0 0 0
1307.768 0 0 0 0 0 0 0 0 0 0 0 1 1 0 0
1307.771 0 0 0 1 0 0 0 0 0 0 0 0 0 0 0
1307.772 1 0 0 0 0 0 0 0 0 0 0 0 0 0 0
1307.774 1 0 0 0 0 0 0 0 0 0 0 0 0 0 0
1307.776 1 0 0 0 0 0 0 0 0 0 0 0 0 0 0
1307.777 1 0 0 0 0 0 0 0 0 0 0 0 0 0 0
1307.778 1 0 0 0 0 0 0 0 0 0 0 0 0 0 0
1307.779 1 0 0 0 0 0 0 0 0 0 0 0 0 0 0
1307.781 1 0 0 0 0 0 0 0 0 0 0 0 0 0 0
1307.782 0 0 0 0 0 1 0 0 0 0 0 0 0 0 0
1307.784 0 0 0 0 0 0 0 0 0 0 0 1 1 0 0
1307.785 0 1 0 0 0 0 0 0 0 0 0 0 0 0 0
1307.787 1 0 0 0 0 0 0 0 0 0 0 0 0 0 0
1307.788 1 0 0 0 0 0 0 0 0 0 0 0 0 0 0
1307.790 0 1 0 0 0 0 0 0 0 0 0 0 0 0 0
1307.791 1 0 0 0 0 0 0 0 0 0 0 0 0 0 0
1307.792 1 0 0 0 0 0 0 0 0 0 0 0 0 0 0
1307.793 0 0 0 0 0 0 0 0 0 0 0 0 1 0 0
1307.795 1 0 0 0 0 0 0 0 0 0 0 0 0 0 0
1307.796 1 0 0 0 0 0 0 0 0 0 0 0 0 0 0
1307.797 1 0 0 0 0 0 0 0 0 0 0 0 0 0 0
1307.798 1 0 0 0 0 0 0 0 0 0 0 0 0 0 0
1307.800 1 0 0 0 0 0 0 0 0 0 0 0 0 0 0
1307.801 1 0 0 0 0 0 0 0 0 0 0 0 0 0 0
1307.802 1 0 0 0 0 0 0 0 0 0 0 0 0 0 0
1307.803 1 0 0 0 0 0 0 0 0 0 0 0 0 0 0
1307.804 1 0 0 0 0 0 0 0 0 0 0 0 0 0 0
1307.805 1 0 0 0 0 0 0 0 0 0 0 0 0 0 0
1307.808 0 1 0 0 0 0 0 0 0 0 0 0 0 0 0
1307.809 0 1 0 0 0 0 0 0 0 0 0 0 0 0 0
1307.811 1 0 0 0 0 0 0 0 0 0 0 0 0 0 0
1307.819 1 0 0 0 0 0 0 0 0 0 0 0 0 0 0
1307.821 1 0 0 0 0 0 0 0 1 0 0 0 0 0 0
1307.823 1 0 0 0 0 0 0 0 0 0 0 0 0 0 0
1307.826 0 0 1 0 0 0 0 0 0 0 0 0 0 0 0
1307.828 1 0 0 0 0 0 0 0 0 0 0 0 0 0 0
1307.829 1 0 0 0 0 0 0 0 1 0 0 0 0 0 0
1307.830 0 1 0 0 0 0 0 0 0 0 0 0 0 0 0
1307.832 0 0 1 0 0 0 0 0 0 0 0 0 0 0 0
1307.835 0 0 1 0 0 0 0 0 0 0 0 0 0 0 0
1307.836 1 0 0 0 0 0 0 0 0 0 0 0 0 0 0
1307.837 1 0 0 0 0 0 0 0 0 0 0 0 0 0 0
1307.839 1 0 0 0 0 0 0 0 0 0 0 0 0 0 0
1307.840 1 0 0 0 0 0 0 0 0 0 0 0 0 0 0
1307.842 0 1 0 0 0 0 0 0 0 0 0 0 0 0 0
1307.843 0 0 1 0 0 0 0 0 0 0 0 0 0 0 0
1307.844 0 0 0 0 0 0 0 0 0 0 0 1 1 0 0
1307.846 0 0 1 0 0 0 0 0 0 0 0 0 0 0 0
1307.848 0 0 0 0 0 0 0 0 0 0 0 0 0 1 0
1307.849 0 0 0 0 0 0 0 0 0 0 0 0 0 1 0
1307.850 1 0 0 0 0 0 0 0 0 0 0 0 0 0 0
1307.851 1 0 0 0 0 0 0 0 0 0 0 0 0 0 0
1307.852 1 0 0 0 0 0 0 0 0 0 0 0 0 0 0
1307.853 1 0 0 0 0 0 0 0 0 0 0 0 0 0 0
1307.854 1 0 0 0 0 0 0 0 0 0 0 0 0 0 0
1307.855 1 0 0 0 0 0 0 0 0 0 0 0 0 0 0
1307.857 0 0 0 1 0 0 0 0 0 0 0 0 0 0 0
1307.859 1 0 0 0 0 0 0 0 0 0 0 0 0 0 0
1307.860 0 0 0 0 0 0 0 0 0 0 0 1 1 0 0
1307.861 1 0 0 0 0 0 0 0 0 0 0 0 0 0 0
1307.862 1 0 0 0 0 0 0 0 0 0 0 0 0 0 0
1307.863 1 0 0 0 0 0 0 0 0 0 0 0 0 0 0
1307.864 1 0 0 0 0 0 0 0 0 0 0 0 0 0 0
1307.865 0 1 0 0 0 0 0 0 0 0 0 0 0 0 0
1307.867 1 0 0 0 0 0 0 0 0 0 0 0 0 0 0
1307.869 1 0 0 0 0 0 0 0 0 0 0 0 0 0 0
1307.870 0 0 1 0 0 0 0 0 0 0 0 0 0 0 0
1307.871 1 0 0 0 0 0 0 0 0 0 0 0 0 0 0
1307.872 1 0 0 0 0 0 0 0 0 0 0 0 0 0 0
1307.875 1 0 0 0 0 0 0 0 0 0 0 0 0 0 0
1307.876 1 0 0 0 0 0 0 0 0 0 0 0 0 0 0
1307.879 1 0 0 0 0 0 0 0 0 0 0 0 0 0 0
1307.880 1 0 0 0 0 0 0 0 0 0 0 0 0 0 0
1307.881 1 0 0 0 0 0 0 0 0 0 0 0 0 0 0
1307.885 1 0 0 0 0 0 0 0 0 0 0 0 0 0 0
1307.887 0 0 0 0 0 0 0 0 0 0 0 1 1 0 0
1307.888 1 0 0 0 0 0 0 0 0 0 0 0 0 0 0
1307.890 1 1 0 0 0 0 0 0 0 0 0 0 0 0 0
1307.891 0 1 0 0 0 0 0 0 0 0 0 0 0 0 0
1307.892 1 0 0 0 0 0 0 0 0 0 0 0 0 0 0
1307.893 1 0 0 0 0 0 0 0 0 0 0 0 0 0 0
1307.894 1 0 0 0 0 0 0 0 0 0 0 0 0 0 0
1307.895 1 0 0 0 0 0 0 0 0 0 0 0 0 0 0
1307.896 1 0 0 0 0 0 0 0 0 0 0 0 0 0 0
1307.897 1 0 0 0 0 0 0 0 0 0 0 0 0 0 0
1307.898 1 0 0 0 0 0 0 0 0 0 0 0 0 0 0
1307.899 1 0 0 0 0 0 0 0 0 0 0 0 0 0 0
1307.90 1 0 0 0 0 0 0 0 0 0 0 0 0 0 0
1307.900 1 0 0 0 0 0 0 0 1 0 0 0 0 0 0
1307.901 1 0 0 0 0 0 0 0 0 0 0 0 0 0 0
1307.902 1 0 0 0 0 0 0 0 0 0 0 0 0 0 0
1307.904 0 0 1 0 0 1 0 0 0 0 0 0 0 0 0
1307.908 1 0 0 0 0 0 0 0 0 0 0 0 0 0 0
1307.91 1 0 0 0 0 0 0 0 0 0 0 0 0 0 0
1307.910 1 0 0 0 0 0 0 0 0 0 0 0 0 0 0
1307.911 1 0 0 0 0 0 0 0 0 0 0 0 0 0 0
1307.912 1 0 0 0 0 0 0 0 0 0 0 0 0 0 0
1307.913 1 0 0 0 0 0 0 0 0 0 0 0 0 0 0
1307.914 0 0 1 0 0 0 0 0 0 0 0 0 0 0 0
1307.918 0 0 0 0 0 0 0 0 0 0 0 0 0 1 0
1307.919 0 0 1 0 0 0 0 0 0 0 0 0 0 0 0
1307.92 0 1 0 0 0 0 0 0 0 0 0 0 0 0 0
1307.920 1 0 0 0 0 0 0 0 0 0 0 0 0 0 0
1307.924 1 0 0 0 0 0 0 0 0 0 0 0 0 0 0
1307.928 0 0 0 0 0 0 0 0 0 0 0 1 0 0 0
1307.929 1 0 0 0 0 0 0 0 0 0 0 0 0 0 0
1307.93 0 0 0 0 0 0 0 0 0 0 0 0 1 0 0
1307.931 1 0 0 0 0 0 0 0 0 0 0 0 0 0 0
1307.934 1 0 0 0 0 0 0 0 0 0 0 0 0 0 0
1307.936 0 0 1 0 0 0 0 0 0 0 0 0 0 0 0
1307.94 1 0 0 0 0 0 0 0 0 0 0 0 0 0 0
1307.940 0 0 0 0 0 0 0 0 0 0 0 1 1 0 0
1307.942 1 0 0 0 0 0 0 0 0 0 0 0 0 0 0
1307.943 1 0 0 0 0 0 0 0 0 0 0 0 0 0 0
1307.944 1 0 0 0 0 0 0 0 0 0 0 0 0 0 0
1307.945 1 0 0 0 0 0 0 0 0 0 0 0 0 0 0
1307.947 1 0 0 0 0 0 0 0 0 0 0 0 0 0 0
1307.95 0 0 0 0 1 0 0 0 0 0 0 0 0 0 0
1307.950 0 0 0 0 1 1 0 0 0 1 0 0 0 1 0
1307.951 1 0 0 0 0 0 0 0 0 0 0 0 0 0 0
1307.953 0 0 0 0 1 0 0 0 0 0 0 1 1 0 0
1307.954 1 0 0 0 0 0 0 0 2 0 0 0 0 0 0
1307.959 1 0 0 0 0 0 0 0 2 0 0 0 0 0 0
1307.96 1 0 0 0 0 0 0 0 1 0 0 0 0 0 0
1307.960 0 0 0 0 1 0 0 0 0 0 0 0 0 0 0
1307.961 0 0 0 0 1 0 0 0 0 0 0 0 0 0 0
1307.962 1 0 0 0 0 0 0 0 0 0 0 0 0 0 0
1307.963 0 1 0 0 0 0 0 0 0 0 0 0 0 0 0
1307.964 1 0 0 0 0 0 0 0 0 0 0 0 0 0 0
1307.965 0 1 0 0 0 0 0 0 0 0 1 0 0 0 0
1307.967 1 0 0 0 0 0 0 0 0 0 0 0 0 0 0
1307.968 1 0 0 0 0 0 0 0 0 0 0 0 0 0 0
1307.969 1 0 0 0 0 0 0 0 0 0 0 0 0 0 0
1307.971 0 1 0 0 0 1 0 0 0 0 1 0 0 0 0
1307.972 1 0 0 0 0 0 0 0 0 0 0 0 0 0 0
1307.973 1 0 0 0 0 0 0 0 0 0 0 0 0 0 0
1307.974 1 0 0 0 0 0 0 0 0 0 0 0 0 0 0
1307.975 1 0 0 0 0 0 0 0 0 0 0 0 0 0 0
1307.976 0 0 0 0 0 0 0 0 0 0 0 1 0 0 0
1307.977 0 0 0 0 0 0 0 0 0 0 0 1 1 0 0
1307.978 1 0 0 0 0 0 0 0 0 0 0 0 0 0 0
1307.979 1 0 0 0 0 0 0 0 0 0 0 0 0 0 0
1307.98 1 0 0 0 0 0 0 0 0 0 0 0 0 0 0
1307.981 1 0 0 0 0 0 0 0 0 0 0 0 0 0 0
1307.982 0 0 0 0 0 1 0 0 0 0 0 0 1 0 0
1307.983 0 1 0 0 0 0 0 0 0 0 0 0 0 0 0
1307.984 1 0 0 0 0 0 0 0 0 0 0 0 0 0 0
1307.986 0 0 1 0 0 0 0 0 0 0 0 0 0 0 0
1307.988 1 0 0 0 0 0 0 0 0 0 0 0 0 0 0
1307.99 1 0 0 0 0 0 0 0 0 0 0 0 0 0 0
1307.990 1 0 0 0 0 0 0 0 0 0 0 0 0 0 0
1307.991 1 0 0 0 0 0 0 0 0 0 0 0 0 0 0
1307.992 1 0 0 0 0 0 0 0 1 0 0 0 0 0 0
1307.993 1 0 0 0 0 0 0 0 0 0 0 0 0 0 0
1323689.3 0 0 0 0 0 0 0 1 0 0 0 0 0 0 0
1340847.3 0 0 0 0 0 0 0 0 0 0 0 1 1 0 0
1380773.3 0 0 1 0 0 0 0 0 0 0 1 0 0 0 0
1416913.4 1 0 0 0 0 0 1 0 0 0 0 0 0 0 0
218494.6 1 0 0 0 0 0 0 0 0 0 0 0 0 0 0
286604.5 0 1 0 0 0 0 0 0 0 1 0 0 0 0 0
391296.8 1 0 0 0 0 0 0 0 0 0 0 0 0 0 0
423211.3 1 0 0 0 0 0 0 0 0 0 0 0 0 0 0
568813.3 1 0 0 0 0 0 0 0 0 0 0 0 0 0 0
568814.3 1 0 0 0 0 0 0 0 0 0 0 0 0 0 0
945704.3 1 0 0 0 0 0 1 0 0 0 0 0 0 0 0
993512.3 1 0 0 0 0 0 0 0 0 0 0 0 0 0 0
