DATASET_EXTERNALSHAPE
#External shapes dataset showing presence/absence of defense systems
#Each defense system has a unique color
#Shape is shown only when the system is present (value=1)

SEPARATOR COMMA

DATASET_LABEL,Defense Systems

COLOR,#ff0000

FIELD_COLORS,#e41a1c,#377eb8,#4daf4a,#984ea3,#ff7f00,#ffff33,#a65628,#f781bf,#999999

FIELD_LABELS,RM_III,Aditi,PDC-S11,PDC-M22,PDC-S30,RM_II,tmn,Ogmios,PDC-S04

#Optional settings
DASHED_LINES,1
SHAPE_TYPE,2
COLOR_FILL,1
SHOW_VALUES,0
SHOW_LABELS,1
HEIGHT_FACTOR,1
SHAPE_SPACING,10
MARGIN,15

#Legend
LEGEND_TITLE,Defense Systems
LEGEND_SHAPES,2,2,2,2,2,2,2,2,2
LEGEND_COLORS,#e41a1c,#377eb8,#4daf4a,#984ea3,#ff7f00,#ffff33,#a65628,#f781bf,#999999
LEGEND_LABELS,RM_III,Aditi,PDC-S11,PDC-M22,PDC-S30,RM_II,tmn,Ogmios,PDC-S04

DATA
1004951.3,0,0,0,0,1,0,0,0,1
1004952.3,0,0,0,0,0,1,0,0,0
1005041.3,1,0,0,1,1,0,1,1,0
1005042.3,0,1,1,0,0,1,0,0,1
1007064.3,0,1,1,0,0,1,0,0,1
1184252.3,1,0,0,0,1,0,1,1,0
1214148.3,1,0,0,0,1,0,1,1,0
1214149.3,1,0,0,1,1,0,1,1,0
1214150.3,1,0,0,0,1,1,0,0,1
1214151.3,0,1,1,0,0,1,0,0,1
1214151.4,0,1,1,0,0,1,0,0,1
1214152.3,1,0,0,0,1,1,0,0,1
1214153.3,0,0,0,0,1,0,0,0,1
1214154.3,1,0,0,0,1,0,0,0,1
1214155.3,0,0,0,0,0,1,0,0,0
1214156.3,1,0,0,0,0,1,0,1,1
1214157.3,0,0,0,0,1,1,0,1,1
1214158.3,0,0,0,0,0,1,0,0,1
1214159.3,1,0,0,0,1,0,1,1,0
1214160.3,1,0,0,0,1,1,0,1,1
1214161.3,1,0,0,0,1,1,0,1,0
1214162.3,1,0,1,0,1,1,1,1,1
1214163.3,1,0,1,0,1,1,1,1,1
1214164.3,1,0,1,0,1,0,1,1,1
1214165.3,1,0,0,0,1,0,1,1,0
1214166.3,1,0,0,0,0,1,0,0,1
1214167.3,1,0,0,0,1,1,1,0,1
1214168.3,1,0,0,0,0,1,0,0,1
1214169.3,1,0,1,0,0,1,0,1,1
1214170.3,1,0,0,0,0,1,0,0,1
1214171.3,1,0,0,0,0,1,0,0,0
1214172.3,1,0,0,0,0,1,0,0,1
1214173.3,1,0,0,0,0,1,0,0,1
1214174.3,0,1,0,0,0,1,0,1,1
1214175.3,0,0,0,0,1,1,0,0,1
1214176.3,0,1,1,0,0,1,0,0,1
1214177.3,1,0,0,0,0,1,0,0,0
1214178.3,1,0,0,0,0,0,0,0,1
1214179.3,1,0,0,0,1,1,1,0,0
1214179.4,1,0,0,0,1,1,1,0,0
1214180.3,1,0,0,0,1,1,1,0,0
1214181.3,1,1,0,0,1,1,0,0,0
1214182.3,0,1,1,0,0,1,0,0,1
1214183.3,1,0,0,0,1,1,0,0,1
1214184.3,1,0,0,0,0,1,0,0,1
1214185.3,1,0,0,1,1,0,1,1,0
1214186.3,1,0,0,0,0,1,0,1,1
1214187.3,1,0,0,0,0,1,0,0,1
1214188.3,1,0,0,0,1,1,0,0,1
1214189.3,1,0,0,0,0,1,0,0,0
1214190.3,1,0,0,0,0,1,0,0,1
1214191.3,0,1,1,0,0,1,0,0,1
1214192.3,1,0,0,0,1,1,1,0,1
1214193.3,0,0,0,0,0,1,1,0,1
1214194.3,0,0,0,0,1,1,0,0,0
1214195.3,1,0,0,0,0,1,1,0,1
1214196.3,1,0,0,0,0,1,0,1,1
1214197.3,1,0,0,0,0,1,0,1,1
1214198.3,1,0,0,0,0,1,0,0,1
1214199.3,1,0,0,0,0,1,0,0,1
1214200.3,1,0,0,0,0,1,0,0,0
1214201.3,0,1,1,0,0,1,0,0,1
1214202.3,0,0,0,0,1,1,0,1,0
1214203.3,1,0,0,0,0,1,0,0,1
1214204.3,1,0,0,0,1,1,0,0,1
1214205.3,1,0,0,0,1,1,1,0,1
1214206.3,1,0,0,0,1,1,1,0,1
1214207.3,1,0,0,0,0,1,0,0,1
1214208.3,1,0,0,0,1,1,0,0,1
1214209.3,1,0,0,0,0,1,0,0,1
1214210.3,1,0,0,0,0,1,1,0,1
1214211.3,1,0,0,0,0,1,0,1,1
1214212.3,1,0,0,1,1,0,1,1,0
1214213.3,0,0,0,0,1,1,0,1,1
1214214.3,0,1,1,0,0,1,0,0,1
1214215.3,0,0,0,0,1,1,0,1,1
1214216.3,0,0,0,0,0,1,1,0,1
1214217.3,0,0,0,0,0,1,1,0,1
1214218.3,1,0,0,0,0,1,1,0,1
1214219.3,1,0,0,0,0,1,1,0,1
1246365.4,1,0,0,0,1,0,1,1,0
1276647.3,0,0,0,0,1,1,0,1,0
1307.100,1,0,0,1,1,0,1,1,0
1307.101,1,0,0,0,1,0,0,0,0
1307.102,1,0,0,0,1,1,1,1,0
1307.103,1,0,0,1,1,0,1,1,0
1307.104,1,0,0,0,1,0,1,1,0
1307.105,1,0,0,1,1,0,1,1,0
1307.106,1,0,0,0,0,1,0,0,1
1307.107,1,0,0,1,1,0,1,1,0
1307.108,1,0,0,0,0,1,0,0,1
1307.109,1,0,0,1,1,0,1,1,0
1307.110,1,0,0,1,1,0,1,1,0
1307.111,1,0,0,0,1,0,1,1,0
1307.112,1,0,0,0,1,0,1,1,0
1307.113,1,0,0,1,1,0,1,1,0
1307.114,1,0,0,1,1,0,1,1,0
1307.115,1,0,0,1,1,1,1,1,0
1307.116,1,0,0,1,1,0,1,1,0
1307.117,1,0,0,0,1,0,1,1,0
1307.1317,0,1,1,0,0,1,0,0,1
1307.1318,1,0,0,0,1,0,1,1,0
1307.1319,0,0,0,0,1,1,0,0,1
1307.1323,1,0,0,0,0,1,0,0,0
1307.1363,1,0,0,1,1,0,1,1,0
1307.1366,1,0,0,0,1,0,1,1,0
1307.1367,1,0,0,0,0,1,0,0,1
1307.1369,0,1,1,0,0,1,0,0,1
1307.1370,0,0,0,0,1,1,0,1,1
1307.1374,1,0,0,0,1,0,1,1,0
1307.1377,1,0,0,0,0,1,0,0,1
1307.1378,1,0,0,0,1,0,1,1,0
1307.1379,1,0,0,0,0,1,0,0,1
1307.1386,1,0,0,0,0,1,0,0,1
1307.1387,1,0,0,0,0,1,0,0,1
1307.1393,1,0,0,0,1,1,0,0,1
1307.1394,1,0,0,0,0,1,0,0,1
1307.1398,1,0,0,1,1,0,1,1,0
1307.1402,1,0,0,0,0,1,0,0,1
1307.1403,1,0,0,0,1,1,0,0,1
1307.1408,0,1,1,0,0,1,0,0,1
1307.1409,1,0,0,1,1,0,1,1,0
1307.1410,1,0,0,0,0,1,0,0,1
1307.1413,1,0,0,1,1,0,1,1,0
1307.1414,1,0,0,1,1,0,1,1,0
1307.1417,1,0,0,0,0,1,0,0,1
1307.1423,1,0,0,0,0,1,0,0,1
1307.1429,1,0,0,0,1,0,1,1,0
1307.1430,1,0,0,0,0,1,0,0,1
1307.1431,0,1,1,0,0,1,0,0,1
1307.1432,1,0,0,1,1,0,1,1,0
1307.1434,1,0,0,0,0,1,0,0,1
1307.1438,1,0,0,0,0,1,0,0,1
1307.1439,1,0,0,0,1,1,0,0,1
1307.1441,1,0,0,0,0,1,0,0,1
1307.1444,1,0,0,0,1,0,1,1,0
1307.1448,0,0,0,0,0,1,0,0,1
1307.1449,1,0,0,0,1,0,1,1,0
1307.1453,1,0,0,0,0,1,0,0,1
1307.1455,0,0,0,0,1,0,0,0,1
1307.1462,1,0,0,0,1,0,1,1,0
1307.1463,1,0,0,0,0,1,0,0,1
1307.1464,1,0,0,0,0,1,0,0,1
1307.1465,0,0,0,0,1,0,0,0,1
1307.1466,0,0,0,0,1,0,0,0,1
1307.1467,1,0,0,0,1,0,1,1,0
1307.1468,1,0,0,1,1,0,1,1,0
1307.1469,0,0,0,0,1,1,0,0,0
1307.1470,1,0,0,0,1,1,0,0,1
1307.1471,1,0,0,0,0,0,0,0,1
1307.1472,0,1,1,0,0,1,0,0,1
1307.1473,1,0,0,0,0,1,0,0,1
1307.1474,1,0,0,0,0,1,0,0,1
1307.1475,1,0,0,0,0,1,0,0,1
1307.1476,1,0,0,0,0,1,0,0,1
1307.1477,1,0,0,1,1,0,1,1,0
1307.1478,1,0,0,0,0,1,0,0,1
1307.1479,1,0,0,0,1,0,1,1,0
1307.1480,1,0,0,0,0,1,0,0,1
1307.1481,1,0,0,0,1,0,1,1,0
1307.1482,1,0,0,0,0,1,0,0,1
1307.1483,1,0,0,1,1,0,1,1,0
1307.1484,1,0,0,0,0,1,0,0,1
1307.1485,1,0,0,0,0,1,0,0,1
1307.1486,1,0,0,0,1,0,1,1,0
1307.1487,1,0,0,0,0,1,0,0,1
1307.1488,1,0,0,0,0,1,0,0,1
1307.1489,1,0,0,0,0,1,0,0,1
1307.1490,1,0,0,0,0,1,0,0,1
1307.1491,1,0,0,1,1,0,1,1,0
1307.1492,1,0,0,0,0,1,0,0,1
1307.1493,1,0,0,0,0,1,0,0,1
1307.1494,1,0,0,1,1,0,1,1,0
1307.1495,1,0,0,1,1,0,1,1,0
1307.1496,0,0,0,0,1,0,0,0,1
1307.1497,1,0,1,0,1,1,1,1,1
1307.1498,1,0,0,1,1,0,1,1,0
1307.1499,1,0,0,0,0,1,0,0,1
1307.1500,1,0,0,0,0,1,0,0,1
1307.1501,1,0,0,0,0,1,0,0,1
1307.1502,1,0,0,1,1,0,1,1,0
1307.1503,1,0,0,0,0,1,0,0,1
1307.1504,1,0,0,0,0,1,0,0,1
1307.1505,1,0,0,1,1,0,1,1,0
1307.1506,1,0,0,1,1,0,1,1,0
1307.1507,1,0,0,0,0,1,0,0,1
1307.1508,0,0,0,0,1,0,0,0,1
1307.1509,0,1,1,0,0,1,0,0,1
1307.1510,1,0,0,1,1,0,1,1,0
1307.1511,0,1,1,0,0,1,0,0,1
1307.1512,1,0,0,0,0,1,0,0,1
1307.1513,0,1,1,0,0,1,0,0,1
1307.1514,1,0,0,1,1,0,1,1,0
1307.1515,1,0,0,0,0,1,0,0,1
1307.1516,1,0,0,1,1,0,1,1,0
1307.1517,1,0,0,0,0,1,0,0,1
1307.1518,1,0,0,0,1,0,1,1,0
1307.1519,1,0,0,1,1,0,1,1,0
1307.1520,1,0,0,1,1,0,1,1,0
1307.1521,1,0,0,0,0,1,0,0,1
1307.1522,1,0,0,0,0,1,0,0,1
1307.1523,0,0,0,0,1,0,0,0,1
1307.1530,1,0,0,0,0,1,0,0,0
1307.1531,1,0,0,1,1,0,1,1,0
1307.1539,1,0,0,0,0,1,0,0,1
1307.1540,1,0,0,1,1,0,1,1,0
1307.1587,1,0,0,1,1,0,1,1,0
1307.1634,1,0,1,0,0,1,0,1,1
1307.1635,1,0,0,0,1,0,1,1,0
1307.1643,1,0,0,0,1,1,1,0,0
1307.1644,0,0,0,0,1,1,0,0,0
1307.1645,1,0,0,0,0,1,0,0,1
1307.1646,1,0,0,0,1,0,1,1,0
1307.1650,1,0,0,0,1,0,0,0,0
1307.1651,1,0,0,0,1,1,0,0,0
1307.1652,1,0,0,0,1,1,0,0,1
1307.1655,1,0,0,0,1,0,1,1,0
1307.1656,0,1,1,0,0,1,0,0,1
1307.1664,1,0,0,0,1,1,0,0,1
1307.1665,1,0,0,0,1,1,0,0,1
1307.1666,1,0,0,0,0,1,1,0,1
1307.173,1,0,0,0,1,1,0,0,1
1307.179,1,0,1,0,0,1,0,0,1
1307.1804,1,0,0,1,1,0,1,1,0
1307.1806,1,0,0,0,0,1,1,0,1
1307.1807,1,0,0,0,0,1,0,1,1
1307.1809,1,0,0,0,0,1,1,0,1
1307.1811,1,0,0,0,0,1,1,0,1
1307.1812,1,0,0,0,0,1,1,0,1
1307.1817,0,1,0,0,0,1,0,0,1
1307.1819,1,0,0,1,1,0,1,1,0
1307.1820,1,0,0,1,1,0,1,1,0
1307.1821,0,0,0,0,0,1,0,0,0
1307.1822,1,0,0,0,1,1,0,1,1
1307.1823,1,0,0,0,0,1,0,0,1
1307.1824,1,0,0,0,0,1,0,0,1
1307.1825,0,0,0,0,0,0,0,0,1
1307.1827,0,0,0,0,0,1,0,0,0
1307.1828,0,0,0,0,0,0,0,0,1
1307.1829,1,0,0,0,1,0,0,0,1
1307.1831,1,0,0,0,0,1,1,0,1
1307.1835,0,0,0,0,1,1,0,0,1
1307.1836,1,0,0,0,0,1,1,0,1
1307.1837,1,0,0,0,0,1,0,0,1
1307.1838,1,0,0,0,1,1,0,0,1
1307.1839,0,1,0,0,0,1,0,1,1
1307.1840,0,0,0,1,0,1,0,1,0
1307.1841,1,0,0,0,1,1,0,1,1
1307.1842,0,0,0,1,0,1,0,1,0
1307.1844,1,0,0,0,1,0,1,0,1
1307.1845,0,0,0,0,1,1,0,0,0
1307.1847,1,0,0,0,1,1,0,0,1
1307.1848,0,0,0,0,1,1,0,0,0
1307.1849,1,0,0,0,1,1,0,0,1
1307.1854,0,1,0,0,1,0,0,0,1
1307.1855,0,1,0,0,1,0,0,0,1
1307.1857,1,0,0,0,0,1,0,0,1
1307.1858,1,0,0,1,1,0,1,1,0
1307.1859,1,0,0,0,1,1,0,0,1
1307.1860,1,0,0,0,0,1,0,1,0
1307.1861,1,0,0,0,1,1,0,0,0
1307.1862,1,1,0,0,0,1,0,1,1
1307.1863,1,0,0,0,0,1,0,1,0
1307.1866,0,1,0,0,0,1,0,1,1
1307.1867,1,0,0,0,0,1,0,1,0
1307.1868,1,0,0,0,0,1,0,1,0
1307.1871,0,1,0,0,0,1,0,0,0
1307.1872,0,1,0,0,0,1,0,0,0
1307.1873,0,1,0,0,0,1,0,0,0
1307.1874,1,0,0,0,1,1,1,0,1
1307.1875,0,0,0,0,0,1,0,0,1
1307.1876,0,0,0,0,0,1,0,0,1
1307.1878,0,0,0,0,0,1,0,0,1
1307.1879,0,0,0,0,1,1,1,1,1
1307.1884,1,0,0,0,0,0,1,0,1
1307.1885,1,0,0,0,1,1,0,0,1
1307.1886,1,0,0,0,0,0,1,0,1
1307.1887,1,0,0,0,0,0,1,0,1
1307.1888,1,0,0,0,1,1,0,0,1
1307.1889,1,0,0,0,1,1,0,0,1
1307.189,1,0,0,0,0,1,0,1,0
1307.1890,1,0,0,0,1,1,0,0,1
1307.1891,1,0,0,0,1,1,0,0,1
1307.1892,1,0,1,0,0,1,0,1,1
1307.1893,1,0,0,0,0,0,0,0,1
1307.1894,0,0,0,0,1,1,0,0,0
1307.1895,1,0,0,0,1,1,1,0,1
1307.1896,1,0,0,0,0,1,0,0,1
1307.1897,1,0,0,0,1,1,0,0,1
1307.1898,0,0,0,0,1,1,0,0,0
1307.1899,1,0,0,0,1,1,1,0,1
1307.1900,1,0,1,0,0,1,0,1,1
1307.1901,1,0,0,0,0,0,0,0,1
1307.1903,1,0,0,0,0,0,0,0,1
1307.1904,0,0,0,0,0,1,0,1,1
1307.1905,0,0,0,0,0,1,0,0,1
1307.1906,0,0,0,0,0,1,0,0,1
1307.1907,1,0,0,0,0,1,0,1,0
1307.1908,1,0,0,0,0,1,0,1,0
1307.1910,1,0,0,0,0,1,0,0,1
1307.1911,1,0,0,0,0,1,0,0,1
1307.1913,1,0,0,0,0,1,0,0,1
1307.1914,0,0,0,0,0,1,0,1,1
1307.1915,1,0,0,0,1,1,1,0,1
1307.1917,0,1,0,0,0,0,0,1,1
1307.1919,0,0,0,0,0,1,0,0,0
1307.1920,0,0,0,0,0,1,0,0,1
1307.1921,0,0,0,0,0,1,0,0,1
1307.1922,1,0,0,0,0,1,0,1,0
1307.1923,0,0,0,0,0,1,0,1,1
1307.1924,0,0,0,0,0,1,1,0,1
1307.1925,0,0,0,0,0,1,1,0,1
1307.1926,1,0,1,0,0,1,0,0,1
1307.1927,1,0,0,0,1,1,0,0,1
1307.1928,1,0,0,0,1,0,0,0,1
1307.1929,0,1,0,0,0,1,0,1,1
1307.1930,1,0,0,0,1,1,0,0,1
1307.1931,0,1,0,0,0,1,0,1,1
1307.1932,0,1,0,0,0,1,0,1,1
1307.1937,1,0,0,0,0,1,0,0,1
1307.1938,0,1,0,0,1,0,0,0,1
1307.1940,1,0,0,0,1,1,0,0,1
1307.1942,1,0,0,0,0,1,0,1,0
1307.1943,1,0,0,0,0,1,0,1,0
1307.1944,1,0,0,0,0,1,0,1,0
1307.1945,1,0,0,0,1,1,0,0,0
1307.1946,1,0,0,0,0,1,0,0,1
1307.1947,1,0,0,0,0,1,0,1,0
1307.1948,1,0,0,0,0,1,0,1,0
1307.1950,1,0,0,0,1,1,1,0,1
1307.1951,1,0,0,0,0,1,0,1,1
1307.1953,0,0,0,0,1,1,1,1,1
1307.1955,0,0,0,0,0,1,0,0,0
1307.1956,1,0,0,1,1,0,1,1,0
1307.1958,0,0,0,0,1,1,0,0,0
1307.1959,1,0,0,0,1,1,0,0,1
1307.1960,1,0,0,0,1,1,0,0,1
1307.1961,0,0,0,0,1,1,0,0,0
1307.1962,1,0,0,0,1,1,0,0,1
1307.1963,1,0,1,0,0,1,0,1,1
1307.1964,1,0,0,0,0,1,1,0,1
1307.1965,1,0,0,0,0,1,0,0,1
1307.1966,1,0,0,0,0,1,0,0,1
1307.1967,1,0,0,0,0,1,0,0,1
1307.1969,1,0,0,0,0,1,0,0,1
1307.1971,1,0,0,1,1,0,1,0,0
1307.1972,0,1,0,0,0,0,0,1,1
1307.1973,1,0,0,0,0,1,0,0,1
1307.1974,1,0,0,0,0,1,0,0,1
1307.1976,0,0,0,0,0,1,0,0,0
1307.1977,1,0,0,1,1,1,0,1,1
1307.1978,0,0,0,0,0,1,1,0,1
1307.1979,1,0,0,0,0,1,0,0,1
1307.1981,1,0,0,0,1,0,1,0,1
1307.1982,1,0,0,0,1,0,1,0,1
1307.1985,1,0,0,0,1,0,1,0,1
1307.1986,0,0,0,0,0,1,0,1,0
1307.1987,1,1,0,0,0,1,0,1,1
1307.1988,1,0,0,0,0,0,1,0,1
1307.1990,1,1,0,0,0,1,0,1,1
1307.1991,1,1,0,0,0,1,0,1,1
1307.1992,0,1,0,0,1,1,0,1,1
1307.1993,0,1,1,0,0,1,0,0,1
1307.1994,0,0,0,0,0,1,0,0,0
1307.1995,1,0,0,0,0,1,1,0,1
1307.1996,0,1,1,0,0,1,0,0,1
1307.1997,0,1,1,0,0,1,0,0,1
1307.1998,0,1,0,0,0,1,0,0,0
1307.1999,0,0,0,0,0,1,0,0,1
1307.2000,0,1,0,0,0,1,0,0,0
1307.2001,0,1,0,0,0,1,0,0,0
1307.2002,0,1,0,0,0,1,0,0,0
1307.2003,1,0,0,0,0,1,1,0,1
1307.2004,0,1,0,0,0,1,0,0,0
1307.2005,0,1,0,0,0,1,0,0,0
1307.2007,0,1,0,0,0,1,0,0,0
1307.2008,0,0,0,0,0,1,0,1,1
1307.2009,1,1,0,0,0,1,0,1,1
1307.2012,0,1,0,0,1,1,0,1,1
1307.2013,0,1,1,0,0,1,0,0,1
1307.2014,1,0,0,0,0,1,1,0,1
1307.2016,0,1,0,0,0,1,0,0,0
1307.2017,1,0,0,0,0,1,0,0,0
1307.2018,1,0,0,0,0,1,0,0,0
1307.2019,0,1,0,0,0,1,0,0,0
1307.2020,0,1,0,0,0,1,0,0,0
1307.2021,0,1,0,0,0,1,0,0,0
1307.2022,0,1,0,0,0,1,0,0,0
1307.2023,0,1,0,0,0,1,0,0,0
1307.2024,0,1,0,0,0,1,0,0,0
1307.2025,0,1,0,0,0,1,0,0,0
1307.2026,0,1,0,0,0,1,0,0,0
1307.2027,0,0,0,0,0,1,0,0,1
1307.2028,1,0,0,0,1,0,1,1,0
1307.2029,1,0,0,0,1,0,1,1,0
1307.2030,1,0,0,0,1,0,1,1,0
1307.2031,1,0,0,0,1,0,1,1,0
1307.2032,1,0,0,0,1,0,1,1,0
1307.2033,1,0,0,0,1,0,1,1,0
1307.2035,1,0,0,0,1,0,0,1,0
1307.2043,0,0,0,0,0,1,0,0,1
1307.2044,1,0,0,0,0,1,0,0,0
1307.2045,1,0,0,0,0,1,0,0,0
1307.2046,0,1,1,0,0,1,0,0,1
1307.2047,1,0,0,0,1,0,1,1,0
1307.205,1,0,0,0,1,1,0,0,1
1307.2081,1,0,0,0,0,1,0,0,1
1307.2082,1,0,1,0,0,1,0,1,1
1307.210,1,0,0,1,1,0,1,1,0
1307.2117,1,0,0,0,1,1,0,0,1
1307.2118,1,0,0,0,1,1,0,0,1
1307.2119,1,0,0,0,1,1,0,0,1
1307.212,1,0,0,1,1,0,1,1,0
1307.2120,1,1,0,0,1,1,0,0,0
1307.2121,1,1,0,0,1,1,0,0,0
1307.2122,0,1,1,0,0,1,0,0,1
1307.2123,0,0,0,0,1,0,0,0,1
1307.2124,0,1,1,0,0,1,0,0,1
1307.2125,1,0,0,0,1,1,0,0,1
1307.2126,0,0,0,0,0,1,0,0,1
1307.2127,1,1,0,0,1,0,0,0,0
1307.2128,0,0,0,0,1,0,0,0,1
1307.2129,0,0,0,0,0,1,0,0,1
1307.213,1,0,0,0,1,0,1,1,0
1307.2130,1,0,0,0,1,1,0,0,1
1307.2131,0,0,1,0,0,0,0,0,0
1307.2132,1,1,0,0,1,0,0,0,0
1307.2133,0,1,1,0,0,1,0,0,1
1307.2134,0,0,0,0,1,0,0,0,1
1307.2135,1,0,0,1,0,0,1,1,0
1307.214,1,0,1,0,0,1,0,0,1
1307.215,0,1,1,0,0,1,0,0,1
1307.216,1,0,0,0,1,0,1,1,0
1307.217,1,0,0,0,1,0,1,1,0
1307.218,1,0,0,0,1,0,1,1,0
1307.219,1,0,0,0,1,0,1,1,0
1307.220,1,0,0,0,1,0,1,1,0
1307.221,1,0,0,0,1,0,0,0,1
1307.2217,0,0,0,0,1,0,0,1,1
1307.2218,1,0,0,0,1,1,0,1,1
1307.2219,1,0,0,0,1,1,0,1,0
1307.222,1,0,0,1,1,0,1,1,0
1307.2220,1,0,0,0,1,1,0,0,1
1307.2221,1,0,0,0,0,1,0,1,1
1307.2222,0,0,0,0,0,1,0,0,1
1307.2223,1,0,0,0,0,1,1,0,1
1307.2224,1,0,0,1,1,0,1,1,0
1307.2225,0,0,0,0,1,0,0,0,1
1307.223,1,0,0,0,1,0,1,1,0
1307.224,1,0,0,1,1,0,1,1,0
1307.225,1,0,0,1,1,0,1,1,0
1307.226,1,0,0,1,1,0,1,1,0
1307.227,1,0,0,0,1,0,1,1,0
1307.228,1,0,0,1,1,0,1,1,0
1307.229,0,0,0,0,0,1,0,0,1
1307.230,1,0,0,1,1,0,1,1,0
1307.231,1,0,0,0,0,1,0,1,1
1307.232,0,1,1,0,0,1,0,0,1
1307.233,1,0,0,0,1,0,1,1,1
1307.234,1,0,0,1,1,0,1,1,0
1307.235,0,1,1,0,0,1,0,0,1
1307.236,1,0,0,1,1,0,1,1,0
1307.237,1,0,0,1,1,0,1,1,0
1307.238,1,0,0,0,1,1,0,0,1
1307.239,1,0,0,1,1,0,1,1,0
1307.240,1,0,0,0,1,0,1,1,0
1307.2404,1,0,0,0,0,1,0,1,1
1307.2405,1,0,1,0,1,1,1,1,1
1307.2406,1,0,0,0,1,1,0,0,1
1307.2407,1,0,0,1,1,0,1,1,0
1307.2408,0,0,0,0,1,1,0,0,1
1307.2409,1,0,0,0,1,0,1,1,0
1307.241,0,1,1,0,0,1,0,0,1
1307.2410,1,0,0,1,1,0,1,1,0
1307.2411,0,1,1,0,0,1,0,0,1
1307.2412,0,0,0,0,1,1,0,1,1
1307.2413,1,0,0,0,0,1,0,0,1
1307.2414,1,0,0,0,1,0,1,1,0
1307.2415,1,0,0,0,0,0,0,0,0
1307.2416,0,1,1,0,0,1,0,0,1
1307.2417,1,0,0,0,1,1,0,1,1
1307.242,1,0,0,0,1,1,1,1,0
1307.243,1,0,0,0,1,0,1,1,0
1307.2433,0,1,1,0,0,1,0,0,1
1307.244,1,0,0,1,1,0,1,1,0
1307.2446,1,0,0,0,1,0,1,1,0
1307.2448,1,0,0,0,0,1,0,0,1
1307.2449,0,0,0,0,0,1,0,0,1
1307.245,1,0,0,0,1,1,0,0,1
1307.2450,1,0,0,1,1,0,1,1,0
1307.2451,1,0,0,0,0,1,0,0,1
1307.2452,1,0,0,0,0,1,0,0,1
1307.246,1,0,0,0,1,0,1,1,0
1307.247,1,0,0,0,1,0,1,1,0
1307.248,0,0,0,0,0,1,0,0,1
1307.249,0,1,1,0,0,1,0,0,1
1307.250,1,0,0,1,1,0,1,1,0
1307.251,1,0,0,0,0,0,0,0,1
1307.252,1,0,0,1,1,0,1,1,0
1307.253,1,1,0,0,0,1,0,0,0
1307.254,1,0,0,0,1,0,1,1,0
1307.2542,0,0,0,0,0,1,0,0,1
1307.2543,1,0,0,1,1,0,1,1,0
1307.2544,1,0,0,1,1,0,1,1,0
1307.2545,1,0,0,1,1,0,1,1,0
1307.255,1,0,0,0,1,1,0,0,1
1307.2558,0,1,1,0,0,1,0,0,1
1307.2559,0,1,1,0,0,1,0,0,1
1307.256,1,0,0,1,1,0,1,1,0
1307.2560,0,1,1,0,0,1,0,0,1
1307.2561,0,1,1,0,0,1,0,0,1
1307.2562,0,1,1,0,0,1,0,0,1
1307.2563,0,0,0,0,0,1,0,0,1
1307.2564,0,1,1,0,0,1,0,0,1
1307.2565,0,1,1,0,0,1,0,0,1
1307.2566,0,1,1,0,0,1,0,0,1
1307.2567,0,1,1,0,0,1,0,0,1
1307.2568,0,1,1,0,0,1,0,0,1
1307.2569,0,1,1,0,0,1,0,0,1
1307.257,1,0,0,1,1,0,1,1,0
1307.2570,0,1,1,0,0,1,0,0,1
1307.2571,0,1,1,0,0,1,0,0,1
1307.2572,0,1,1,0,0,1,0,0,1
1307.2573,0,1,1,0,0,1,0,0,1
1307.2574,0,1,1,0,0,1,0,0,1
1307.2575,0,1,1,0,0,1,0,0,1
1307.2576,0,1,1,0,0,1,0,0,1
1307.2577,0,1,1,0,0,1,0,0,1
1307.2578,0,1,1,0,0,1,0,0,1
1307.2579,0,1,1,0,0,1,0,0,1
1307.258,1,0,0,0,1,1,1,0,1
1307.2580,1,1,1,0,0,1,0,0,1
1307.2581,0,1,1,0,0,1,0,0,1
1307.2582,0,1,1,0,0,1,0,0,1
1307.2583,0,1,1,0,0,1,0,0,1
1307.2584,0,1,1,0,0,1,0,0,1
1307.2585,0,1,1,0,0,1,0,0,1
1307.2586,0,1,1,0,0,1,0,0,1
1307.2587,1,1,1,0,0,1,0,0,1
1307.2588,0,1,1,0,0,1,0,0,1
1307.2589,0,1,1,0,0,1,0,0,1
1307.259,1,0,0,1,1,0,1,1,0
1307.2590,0,1,1,0,0,1,0,0,1
1307.2591,0,1,1,0,0,1,0,0,1
1307.2592,1,1,1,0,0,1,0,0,1
1307.2593,0,1,1,0,0,1,0,0,1
1307.2594,1,1,1,0,0,1,0,0,1
1307.2595,0,1,1,0,0,1,0,0,1
1307.2596,1,1,1,0,0,1,0,0,1
1307.2597,1,1,1,0,0,1,0,0,1
1307.2598,0,1,1,0,0,1,0,0,1
1307.2599,0,1,1,0,0,1,0,0,1
1307.260,0,0,0,0,0,1,0,0,1
1307.2600,1,1,1,0,0,1,0,0,1
1307.2601,1,1,1,0,0,1,0,0,1
1307.2602,1,1,1,0,0,1,0,0,1
1307.2603,0,1,1,0,0,1,0,0,1
1307.2604,0,1,1,0,0,1,0,0,1
1307.2605,0,1,1,0,0,1,0,0,1
1307.2606,0,1,1,0,0,1,0,0,1
1307.2607,0,1,1,0,0,1,0,0,1
1307.261,1,0,0,0,1,0,1,1,0
1307.262,1,0,0,1,1,0,1,1,0
1307.263,1,0,0,1,1,0,1,1,0
1307.2632,1,0,0,0,0,1,0,0,0
1307.2633,1,0,0,0,0,1,0,0,0
1307.264,1,0,0,0,1,0,1,1,0
1307.265,0,0,0,0,1,1,0,1,1
1307.266,1,0,0,0,1,0,1,1,0
1307.267,1,0,0,0,1,1,1,1,0
1307.2673,1,0,0,0,0,1,1,0,1
1307.2674,1,0,0,0,1,1,0,0,1
1307.2675,1,0,0,0,1,1,0,0,1
1307.2676,1,0,0,0,1,1,0,0,1
1307.2677,0,0,0,0,0,0,0,0,0
1307.2678,0,0,0,0,1,1,0,1,0
1307.2679,1,0,0,0,0,0,0,0,1
1307.268,1,0,0,0,1,1,1,1,0
1307.2680,0,1,1,0,0,1,0,0,1
1307.2681,0,1,1,0,0,1,0,0,1
1307.2682,1,0,0,0,0,1,0,0,1
1307.2683,1,0,0,0,0,1,0,0,0
1307.2684,1,0,1,0,0,1,0,1,1
1307.2685,1,0,0,0,0,1,0,0,1
1307.2686,1,0,0,0,1,1,0,0,1
1307.2687,0,0,0,0,1,1,0,1,0
1307.2688,1,0,0,0,0,1,1,0,1
1307.269,1,0,0,1,1,0,1,1,0
1307.2690,1,0,0,0,0,1,0,0,0
1307.2691,1,0,0,1,0,0,1,1,0
1307.2692,0,0,0,0,1,1,0,0,1
1307.2693,1,0,0,0,0,1,0,0,1
1307.2694,1,0,0,0,0,1,0,0,1
1307.2695,1,0,0,1,0,0,1,1,0
1307.2696,1,0,0,1,0,0,1,1,0
1307.2697,1,0,0,0,1,0,1,1,0
1307.270,1,0,0,1,1,0,1,1,0
1307.271,1,0,0,0,1,0,1,1,0
1307.272,0,1,1,0,0,1,0,0,1
1307.273,1,0,0,1,1,0,1,1,0
1307.274,1,0,0,1,1,0,1,1,0
1307.275,1,0,0,0,0,1,0,0,1
1307.276,0,1,1,0,0,1,0,0,1
1307.2766,1,0,1,0,0,1,0,1,1
1307.2767,0,0,0,0,1,1,0,0,1
1307.2768,1,0,0,0,1,1,0,0,1
1307.2769,1,0,0,0,0,1,0,0,1
1307.277,1,0,0,1,1,0,1,1,0
1307.2770,1,0,0,0,1,1,0,0,0
1307.2771,1,0,0,0,1,1,0,0,1
1307.2772,1,0,0,0,1,1,0,0,1
1307.2773,0,0,0,0,0,1,1,0,1
1307.2774,1,0,0,0,1,1,0,0,1
1307.2775,1,0,1,0,0,1,0,1,1
1307.2776,1,0,0,0,0,1,0,0,0
1307.2777,1,0,0,0,1,1,0,0,1
1307.2778,1,0,0,0,0,1,0,0,0
1307.2779,1,0,0,0,1,1,0,0,1
1307.278,1,0,0,1,1,0,1,1,0
1307.2780,1,0,0,0,1,1,0,0,0
1307.2781,0,1,1,0,0,1,0,0,1
1307.2782,1,0,0,0,0,1,0,0,0
1307.2783,1,0,0,0,1,1,0,0,1
1307.2784,1,0,0,0,0,1,1,0,1
1307.2785,0,0,0,0,0,1,0,1,1
1307.2786,1,0,0,0,0,1,1,0,1
1307.2787,1,0,1,0,1,1,1,1,1
1307.279,0,1,1,0,0,1,0,0,1
1307.2790,0,1,1,0,0,1,0,0,1
1307.2791,0,1,1,0,0,1,0,0,1
1307.2792,0,1,1,0,0,1,0,0,1
1307.2793,1,0,0,1,1,0,1,1,0
1307.2794,0,1,1,0,0,1,0,0,1
1307.2795,0,1,1,0,0,1,0,0,1
1307.2796,1,0,0,1,1,0,1,1,0
1307.280,1,0,0,0,1,0,1,1,0
1307.281,0,1,1,0,0,1,0,0,1
1307.282,1,0,0,0,1,0,1,1,0
1307.283,1,0,0,0,1,0,1,1,0
1307.284,1,0,0,0,1,1,0,0,1
1307.2840,1,0,0,1,1,0,1,1,0
1307.2841,0,1,1,0,0,1,0,0,1
1307.2842,1,0,0,1,1,0,1,1,0
1307.2843,0,1,1,0,0,1,0,0,1
1307.2844,0,1,1,0,0,1,0,0,1
1307.2845,0,1,1,0,0,1,0,0,1
1307.285,1,0,0,1,1,0,1,1,0
1307.286,1,0,0,1,1,0,1,1,0
1307.287,1,0,0,1,1,0,1,1,0
1307.288,1,0,0,0,1,0,0,0,1
1307.289,1,0,0,0,1,0,1,1,0
1307.290,0,0,0,0,0,1,0,0,1
1307.291,1,0,0,0,1,0,1,1,0
1307.292,1,0,0,0,1,0,1,1,0
1307.293,1,0,0,0,1,0,1,1,0
1307.294,1,0,0,1,1,0,1,1,0
1307.295,1,0,0,0,1,0,1,1,0
1307.296,0,1,1,0,0,1,0,0,1
1307.297,1,0,0,1,1,1,1,1,0
1307.298,1,0,0,1,1,0,1,1,0
1307.299,1,0,0,0,1,0,1,1,0
1307.300,1,0,0,0,0,1,1,1,0
1307.3009,0,0,0,0,0,1,0,0,1
1307.301,1,0,0,1,1,0,1,1,0
1307.3010,0,0,0,0,0,1,0,0,0
1307.302,1,0,0,1,1,0,1,1,0
1307.303,0,0,0,0,1,1,0,0,0
1307.3032,1,0,1,0,0,1,0,1,1
1307.3033,0,1,1,0,0,1,0,0,1
1307.3034,1,0,0,1,1,0,1,1,0
1307.3035,1,1,0,0,1,1,0,0,1
1307.3036,1,1,0,0,1,1,0,0,1
1307.3037,1,0,0,0,1,0,1,1,0
1307.3038,1,1,0,0,1,1,0,0,1
1307.304,1,0,0,1,1,0,1,1,0
1307.305,1,0,0,0,1,0,1,1,0
1307.306,1,0,0,1,1,1,1,1,0
1307.307,1,0,0,1,1,0,1,1,0
1307.3078,1,0,0,0,1,1,0,0,1
1307.3079,1,0,0,1,1,0,1,1,0
1307.308,1,0,0,1,1,0,1,1,0
1307.309,0,1,1,0,0,1,0,0,1
1307.3098,1,1,1,0,0,1,0,0,1
1307.3099,1,0,0,0,1,0,1,1,0
1307.310,1,0,0,1,1,0,1,1,0
1307.3100,1,1,1,0,0,1,0,0,1
1307.3101,1,0,0,0,1,0,1,1,0
1307.3102,1,1,1,0,0,1,0,0,1
1307.3103,1,1,1,0,0,1,0,0,1
1307.3104,1,1,1,0,0,1,0,0,1
1307.3105,1,0,0,0,1,0,1,1,0
1307.3106,1,1,1,0,0,1,0,0,1
1307.3107,1,1,1,0,0,1,0,0,1
1307.3108,1,1,1,0,0,1,0,0,1
1307.3109,1,1,1,0,0,1,0,0,1
1307.311,0,1,1,0,0,1,0,0,1
1307.3110,1,1,1,0,0,1,0,0,1
1307.3111,1,1,1,0,0,1,0,0,1
1307.3112,0,1,1,1,0,1,0,0,1
1307.3113,1,1,1,0,0,1,0,0,1
1307.3114,0,1,1,0,0,1,0,0,1
1307.3115,1,0,0,1,1,0,1,1,0
1307.3116,1,0,0,0,1,0,1,1,0
1307.3117,1,0,0,1,1,0,1,1,0
1307.3118,1,0,0,1,1,0,1,1,0
1307.3119,0,1,1,0,0,1,0,0,1
1307.312,1,0,0,1,1,0,1,1,0
1307.3120,1,0,0,1,1,0,1,1,0
1307.3121,1,0,0,0,1,0,1,1,0
1307.3122,0,1,1,0,0,1,0,0,1
1307.3123,0,1,1,0,0,1,0,0,1
1307.3124,1,0,0,1,1,0,1,1,0
1307.3125,1,0,0,1,1,0,1,1,0
1307.3126,1,0,0,1,1,0,1,1,0
1307.3127,1,0,0,0,1,0,1,1,0
1307.3128,1,0,0,0,1,0,1,1,0
1307.3129,1,0,0,0,1,0,1,1,0
1307.313,1,0,0,0,1,1,0,0,1
1307.3130,1,0,0,0,1,0,1,1,0
1307.3131,0,1,1,0,0,1,0,0,1
1307.3132,1,0,0,0,1,0,1,1,0
1307.3133,1,0,0,0,1,0,1,1,0
1307.3134,1,0,0,0,1,0,1,1,0
1307.3135,1,0,0,0,1,0,1,1,0
1307.3136,1,0,0,0,1,0,1,1,0
1307.3137,1,0,0,0,1,0,1,1,0
1307.3138,1,0,0,0,1,0,1,1,0
1307.3139,1,0,0,1,1,0,1,1,0
1307.314,1,0,0,0,1,0,1,1,0
1307.3140,0,1,1,0,0,1,0,0,1
1307.3141,1,0,0,0,1,0,1,1,0
1307.3142,0,1,1,0,0,1,0,0,1
1307.3143,0,1,1,0,0,1,0,0,1
1307.3144,0,1,1,0,0,1,0,0,1
1307.3145,0,1,1,0,0,1,0,0,1
1307.3146,1,0,0,0,1,0,1,1,0
1307.3147,0,1,1,0,0,1,0,0,1
1307.3148,0,1,1,0,0,1,0,0,1
1307.3149,0,1,1,0,0,1,0,0,1
1307.315,1,0,0,1,1,0,1,1,0
1307.3150,0,1,1,0,0,1,0,0,1
1307.3151,0,0,1,0,0,1,0,0,1
1307.3152,0,1,1,0,0,1,0,0,1
1307.3153,0,1,1,0,0,1,0,0,1
1307.3154,0,1,1,0,0,1,0,0,1
1307.3155,0,1,1,0,0,1,0,0,1
1307.3156,0,1,1,0,0,1,0,0,1
1307.3157,0,1,1,0,0,1,0,0,1
1307.3158,0,1,1,0,0,1,0,0,1
1307.3159,1,0,0,0,1,0,1,1,0
1307.316,1,0,0,1,1,0,1,1,0
1307.3160,0,1,1,0,0,1,0,0,1
1307.3161,0,1,1,0,0,1,0,0,1
1307.3162,1,0,0,0,1,0,1,1,0
1307.3163,1,0,0,0,1,0,1,1,0
1307.3164,0,1,1,0,0,1,0,0,1
1307.3165,0,1,1,0,0,1,0,0,1
1307.3166,0,1,1,0,0,1,0,0,1
1307.3167,0,1,1,1,0,1,0,0,1
1307.3168,1,1,1,0,0,1,0,0,1
1307.3169,1,0,0,0,1,0,1,1,0
1307.317,0,0,0,0,0,1,0,0,1
1307.3170,1,0,0,1,1,0,1,1,0
1307.3171,1,0,0,1,1,0,1,1,0
1307.3172,1,0,0,0,1,0,1,1,0
1307.3173,1,0,0,0,1,0,1,1,0
1307.3174,0,0,0,0,1,1,0,0,1
1307.3175,0,1,1,1,0,1,0,0,1
1307.318,1,0,0,0,1,1,0,0,1
1307.319,1,0,0,1,1,0,1,1,0
1307.320,1,0,0,0,0,1,0,1,0
1307.321,1,0,0,0,1,1,1,1,0
1307.322,1,0,0,0,1,1,0,0,1
1307.323,1,0,0,0,1,0,1,1,0
1307.324,1,0,0,1,1,0,1,1,0
1307.325,1,0,0,0,1,0,1,1,0
1307.326,1,0,0,1,1,0,1,1,0
1307.327,0,0,0,0,0,1,0,1,1
1307.328,1,0,0,1,1,0,1,1,0
1307.329,1,0,0,1,1,0,1,1,0
1307.330,1,0,0,1,1,0,1,1,0
1307.331,1,0,0,0,1,0,1,1,0
1307.332,1,0,0,1,1,0,1,1,0
1307.333,1,0,0,0,1,0,1,1,0
1307.334,1,0,0,1,1,0,1,1,0
1307.335,1,0,0,0,0,1,0,0,1
1307.336,1,0,0,0,1,0,1,1,0
1307.337,1,0,0,1,1,0,1,1,0
1307.338,1,0,0,0,1,0,0,1,0
1307.339,1,0,0,0,1,0,1,1,0
1307.340,1,0,0,1,1,0,1,1,0
1307.341,0,1,1,0,0,1,0,0,1
1307.342,1,0,0,0,1,0,1,1,0
1307.3420,0,0,0,0,1,1,0,0,1
1307.3421,0,1,1,0,0,1,0,0,1
1307.3422,0,0,0,0,0,1,0,0,0
1307.3423,1,0,0,0,0,1,0,0,1
1307.3424,0,1,1,0,0,1,0,0,1
1307.3425,0,0,0,0,0,1,0,0,1
1307.3426,1,0,0,0,0,1,0,0,1
1307.3427,0,0,0,0,0,1,0,1,0
1307.3428,1,0,0,0,0,1,0,0,1
1307.3429,1,0,0,0,1,1,0,0,0
1307.343,0,0,0,0,0,1,1,0,1
1307.3430,0,1,1,1,1,1,0,0,1
1307.3431,0,1,1,1,1,1,0,0,1
1307.3432,0,1,1,1,1,1,0,0,1
1307.3433,0,1,1,1,1,1,0,0,1
1307.3434,1,0,0,1,1,0,1,1,0
1307.3435,0,1,1,1,0,1,0,0,1
1307.3436,0,1,1,1,1,1,0,0,1
1307.3437,0,0,0,0,1,1,0,0,1
1307.3438,1,1,1,1,0,1,0,0,1
1307.3439,0,0,0,0,0,1,0,0,0
1307.344,1,0,0,1,1,0,1,1,0
1307.3440,1,0,0,0,0,1,0,0,1
1307.3441,0,1,1,0,0,1,0,0,1
1307.3442,1,0,0,0,1,1,0,0,1
1307.3443,0,0,0,0,0,1,0,0,1
1307.3444,1,0,0,1,0,0,1,0,1
1307.3445,1,0,0,0,0,1,0,0,1
1307.3446,1,0,0,0,0,1,0,0,1
1307.3447,1,0,0,0,1,1,0,1,1
1307.3448,0,0,0,0,0,1,0,1,0
1307.3449,0,0,0,0,0,1,0,0,1
1307.345,0,1,1,0,0,1,0,0,1
1307.3450,1,0,0,1,1,1,0,0,1
1307.3451,1,0,0,0,1,1,0,0,1
1307.3452,0,0,0,0,0,1,0,0,0
1307.3453,0,1,0,0,0,1,0,0,1
1307.3454,0,0,0,0,1,1,0,1,1
1307.346,1,0,0,1,1,0,1,1,0
1307.347,1,0,0,0,0,1,0,0,1
1307.3476,1,0,0,0,0,1,0,0,0
1307.3477,1,0,0,0,0,1,1,0,1
1307.348,0,0,0,0,0,1,0,1,0
1307.3484,0,0,0,0,0,1,0,0,1
1307.3485,1,0,0,0,1,1,0,1,0
1307.3486,1,0,0,0,0,1,0,0,1
1307.3487,1,0,0,0,0,1,0,1,1
1307.3488,1,0,0,0,0,1,0,1,1
1307.3489,1,0,0,0,0,1,0,0,1
1307.349,1,0,0,0,1,0,1,1,0
1307.3490,1,0,0,0,0,1,0,0,1
1307.3491,1,0,0,0,0,1,0,0,1
1307.3492,1,0,0,0,0,1,0,0,1
1307.3493,1,0,0,0,0,1,0,0,1
1307.3494,1,0,0,0,0,1,0,0,1
1307.3495,1,0,0,0,1,1,1,0,1
1307.3496,0,1,1,0,0,1,0,0,1
1307.3497,1,0,0,0,0,1,0,0,1
1307.3498,1,0,0,0,1,1,0,1,0
1307.3499,1,0,0,0,0,1,0,0,0
1307.350,0,1,1,0,0,1,0,0,1
1307.3500,1,0,0,1,1,0,1,1,0
1307.3501,0,1,1,0,0,1,0,0,1
1307.3502,1,0,0,1,1,0,1,1,0
1307.3503,1,0,0,1,1,0,1,1,0
1307.3504,1,0,0,1,1,0,1,1,0
1307.3505,1,0,0,1,1,0,1,1,0
1307.3506,1,0,0,1,1,0,1,1,1
1307.3507,1,0,0,1,1,0,1,1,0
1307.3508,1,0,0,0,1,0,1,1,0
1307.3509,0,1,1,1,0,1,0,0,1
1307.351,1,0,0,0,1,0,1,1,0
1307.352,1,0,0,1,1,0,1,1,0
1307.353,1,0,0,0,1,1,0,0,1
1307.354,1,0,0,0,1,0,1,1,0
1307.3544,0,0,0,0,1,0,0,0,1
1307.3545,1,0,1,0,0,1,0,1,1
1307.3546,1,0,0,1,1,0,1,1,0
1307.3547,0,1,1,0,0,1,0,0,1
1307.3548,1,0,0,0,1,0,1,1,0
1307.3549,1,0,0,0,1,0,1,1,0
1307.355,1,0,0,0,1,0,1,1,0
1307.3550,0,1,1,0,0,1,0,0,1
1307.3551,0,1,1,0,0,1,0,0,1
1307.3552,1,0,0,0,1,0,1,1,0
1307.3553,0,1,1,0,0,1,0,0,1
1307.3554,0,1,1,0,0,1,0,0,1
1307.3555,1,0,0,1,1,0,1,1,0
1307.3556,1,0,0,1,1,0,1,0,0
1307.3557,1,0,0,1,1,0,1,1,0
1307.3558,0,1,1,0,0,1,0,0,1
1307.3559,1,0,0,1,1,0,1,1,0
1307.356,1,0,0,0,0,1,0,0,1
1307.3560,1,0,0,0,1,0,1,1,0
1307.3561,1,0,0,0,1,0,1,1,0
1307.3562,1,0,0,1,1,0,1,1,0
1307.3563,1,0,0,0,1,0,1,1,0
1307.3564,0,1,1,0,0,1,0,0,1
1307.3565,1,0,0,1,1,0,1,1,0
1307.3566,1,0,0,1,1,0,1,1,0
1307.3567,1,0,0,1,1,0,1,1,0
1307.3568,0,1,1,0,0,1,0,0,1
1307.3569,0,1,1,0,0,1,0,0,1
1307.357,1,0,0,1,1,0,1,1,0
1307.3570,1,0,0,1,1,0,1,0,0
1307.3571,1,0,0,0,1,0,1,1,0
1307.3572,1,0,0,1,1,0,1,1,0
1307.3573,1,0,0,1,1,0,1,0,0
1307.3574,1,0,0,1,1,0,1,1,0
1307.3575,1,0,0,1,1,0,1,1,0
1307.3576,1,0,0,1,1,0,1,1,0
1307.3577,1,0,0,1,1,0,1,1,0
1307.3578,1,0,0,1,1,0,1,1,0
1307.3579,0,1,0,0,0,0,0,0,1
1307.358,1,0,0,0,1,0,1,1,0
1307.3580,1,0,0,1,1,0,1,1,0
1307.3581,1,0,0,1,1,0,1,1,0
1307.3582,1,0,0,1,1,0,1,1,0
1307.3583,1,0,0,1,1,0,1,1,0
1307.3584,0,1,1,0,0,1,0,0,1
1307.3585,1,0,0,0,1,0,1,1,0
1307.3586,0,1,1,0,0,1,0,0,1
1307.3587,1,0,0,1,1,0,1,1,0
1307.3588,1,0,0,1,1,0,1,1,0
1307.3589,1,0,0,1,1,0,1,0,0
1307.359,1,0,0,0,1,0,1,1,0
1307.3590,1,0,0,0,1,0,1,1,0
1307.3591,1,0,0,0,1,0,1,1,0
1307.3592,1,0,0,1,1,0,1,1,0
1307.3593,1,0,0,1,1,1,1,1,0
1307.3594,0,1,1,0,0,1,0,0,1
1307.3595,1,0,0,0,1,0,1,1,0
1307.3596,1,0,0,1,1,0,1,1,0
1307.3597,0,1,1,0,0,1,0,0,1
1307.3598,1,0,0,0,1,0,1,1,0
1307.3599,0,1,0,0,0,0,0,0,1
1307.360,0,0,0,0,0,1,0,1,0
1307.3600,0,1,1,0,0,1,0,0,1
1307.3601,1,0,0,1,1,0,1,1,0
1307.361,0,1,1,0,0,1,0,0,1
1307.362,1,0,0,0,1,0,1,1,0
1307.363,1,0,0,0,1,0,1,1,0
1307.364,1,0,0,0,1,0,1,1,1
1307.365,1,0,0,1,1,0,1,1,0
1307.366,1,0,0,0,1,0,1,1,0
1307.3663,1,0,0,1,1,0,1,1,0
1307.3664,1,0,0,1,1,0,1,1,0
1307.3665,1,0,0,0,1,0,1,1,0
1307.3666,1,0,0,0,1,0,1,1,0
1307.3667,1,0,0,1,1,0,1,1,0
1307.3668,1,0,0,1,1,0,1,1,0
1307.3669,1,0,0,0,1,0,1,1,0
1307.367,1,0,0,1,1,0,1,1,0
1307.3670,1,0,0,1,1,0,1,1,0
1307.3671,0,0,0,0,0,1,0,0,1
1307.368,1,0,0,0,1,1,1,1,0
1307.369,1,0,0,1,1,0,1,1,0
1307.370,1,0,0,1,1,0,1,1,0
1307.371,1,0,0,0,1,0,1,1,0
1307.372,1,0,0,1,1,0,1,1,0
1307.373,1,0,0,1,1,0,1,1,0
1307.374,0,1,1,0,0,1,0,0,1
1307.3747,0,0,0,0,1,1,0,0,1
1307.375,0,1,1,0,0,1,0,0,1
1307.376,1,0,0,0,1,1,0,0,1
1307.377,1,0,0,0,1,0,1,1,0
1307.378,1,0,0,0,1,0,1,1,0
1307.379,1,0,0,0,1,0,1,1,0
1307.380,1,0,0,1,1,0,1,1,0
1307.381,0,1,1,0,0,1,0,0,1
1307.382,1,0,0,0,1,0,1,1,0
1307.383,1,0,0,1,1,0,1,1,0
1307.384,1,0,0,0,1,0,0,0,1
1307.385,1,0,0,1,1,0,1,1,0
1307.386,1,0,0,0,0,1,0,0,1
1307.387,1,0,0,0,1,0,1,1,0
1307.388,1,0,1,0,0,1,0,1,1
1307.389,1,0,0,0,0,1,1,0,1
1307.390,1,0,0,1,1,0,1,1,0
1307.3903,0,0,0,0,0,1,0,0,1
1307.3904,1,0,0,0,0,1,0,1,1
1307.3905,1,0,0,0,0,1,0,0,1
1307.3906,1,1,0,0,0,1,0,0,1
1307.3907,1,0,0,0,0,1,0,0,0
1307.3908,1,0,0,0,0,1,0,0,1
1307.3909,0,0,1,0,0,1,0,0,1
1307.391,0,1,1,0,0,1,0,0,1
1307.3910,0,1,0,0,0,1,0,1,1
1307.3911,1,0,0,1,1,0,1,1,0
1307.3912,0,1,0,0,0,1,0,0,1
1307.3913,1,0,0,0,1,1,0,0,1
1307.3914,1,0,0,0,1,1,0,0,1
1307.3915,1,1,0,0,1,1,0,0,1
1307.3916,1,0,0,0,1,1,0,0,1
1307.3917,1,0,0,0,1,1,0,0,1
1307.3918,1,1,0,0,0,1,0,0,1
1307.3919,1,0,0,0,1,1,1,0,1
1307.392,1,0,0,1,1,0,1,1,0
1307.3920,1,0,0,0,1,1,0,0,1
1307.3921,1,0,0,0,1,1,0,0,1
1307.3922,0,0,0,0,0,1,0,0,1
1307.3923,1,0,0,0,1,1,0,0,1
1307.3924,1,0,0,0,1,1,0,0,1
1307.3925,1,0,0,0,1,1,0,0,1
1307.3926,1,0,0,0,0,1,0,0,1
1307.3927,1,0,0,0,0,1,0,0,1
1307.3928,1,0,0,0,0,1,1,0,1
1307.3929,1,0,0,0,1,1,0,0,1
1307.393,1,0,0,1,1,0,1,1,0
1307.3930,1,0,0,0,1,1,0,0,1
1307.3931,1,0,0,0,1,1,0,1,1
1307.3932,0,0,0,0,0,1,0,0,0
1307.3933,1,0,0,0,1,0,1,1,0
1307.3934,1,0,0,0,1,1,0,0,1
1307.3935,1,0,0,0,1,1,1,0,1
1307.3936,1,0,0,0,1,1,0,0,1
1307.3937,1,0,0,0,0,1,1,0,1
1307.3938,0,0,1,0,0,1,0,0,1
1307.3939,0,0,0,0,0,1,0,1,0
1307.394,1,0,0,0,1,0,1,1,0
1307.3940,1,1,0,0,0,1,0,0,1
1307.3941,1,0,0,0,1,1,0,0,1
1307.3942,1,0,0,0,1,1,0,0,1
1307.3943,0,1,0,0,0,1,0,1,0
1307.3944,0,1,0,0,0,1,0,1,0
1307.3945,1,0,0,0,1,0,0,0,0
1307.3946,0,0,0,0,0,0,0,0,1
1307.3948,1,0,0,1,1,0,1,1,0
1307.3949,1,0,0,1,1,0,1,1,0
1307.395,1,0,0,0,1,0,1,1,0
1307.3950,1,0,0,1,1,0,1,1,0
1307.3951,1,0,0,1,1,0,1,1,0
1307.3952,0,0,0,0,1,1,1,0,1
1307.3953,1,0,0,1,1,1,1,1,0
1307.3954,1,0,0,0,1,0,1,1,0
1307.396,1,0,0,1,1,0,1,1,0
1307.397,1,0,0,0,1,0,1,1,0
1307.398,0,0,0,0,1,1,0,1,0
1307.399,0,1,1,0,0,1,0,0,1
1307.400,1,0,0,1,1,0,1,1,0
1307.401,1,0,0,1,1,0,1,1,0
1307.402,0,1,1,0,0,1,0,0,1
1307.403,0,1,1,0,0,1,0,0,1
1307.404,1,0,0,0,0,1,0,0,1
1307.405,0,0,0,0,0,1,0,1,0
1307.406,1,0,0,0,1,0,1,1,1
1307.407,1,0,0,0,1,0,1,1,0
1307.408,1,0,0,1,1,1,1,1,0
1307.409,1,0,0,0,0,1,0,0,1
1307.410,1,0,0,0,1,0,1,1,0
1307.411,0,1,1,0,0,1,0,0,1
1307.412,1,0,0,0,1,0,1,1,0
1307.413,1,0,0,0,1,0,1,1,0
1307.4133,1,0,1,0,0,1,0,1,1
1307.4134,1,0,1,0,0,1,0,1,1
1307.4135,0,1,1,0,0,1,0,0,1
1307.4136,1,0,1,0,0,1,0,1,1
1307.4137,1,0,1,0,0,1,0,1,1
1307.4138,1,0,0,0,1,0,0,0,1
1307.4139,1,0,1,0,0,1,0,1,1
1307.414,0,1,1,0,0,1,0,0,1
1307.4140,1,0,0,0,0,1,0,0,1
1307.4141,1,0,1,0,0,1,0,1,1
1307.4142,1,0,0,0,1,0,0,0,1
1307.4143,1,0,1,0,0,1,0,1,1
1307.4144,1,0,1,0,0,1,0,1,1
1307.4145,1,0,0,0,0,1,0,0,1
1307.4146,0,1,1,0,0,1,0,0,1
1307.4147,1,0,1,0,0,1,0,1,1
1307.4148,0,0,1,0,0,1,0,1,1
1307.4149,1,0,1,0,0,1,0,1,1
1307.415,1,0,0,0,1,0,1,1,0
1307.4150,0,1,1,0,0,1,0,0,1
1307.4151,1,0,1,0,0,1,0,1,1
1307.4152,0,1,1,0,0,1,0,0,1
1307.4153,1,0,0,0,0,1,0,1,1
1307.4154,0,1,1,1,0,1,0,0,1
1307.4155,0,1,1,1,0,1,0,0,1
1307.4156,1,0,0,0,1,1,0,0,1
1307.4157,0,1,1,1,0,1,0,0,1
1307.4158,0,1,1,0,0,1,0,0,1
1307.4159,1,0,0,0,1,1,0,0,1
1307.416,0,1,1,0,0,1,0,0,1
1307.4160,0,1,1,0,0,1,0,0,1
1307.4161,0,1,1,0,0,1,0,0,1
1307.4162,1,0,0,0,1,1,0,0,1
1307.4163,1,0,0,0,0,1,0,0,1
1307.4164,1,0,0,0,1,1,0,0,1
1307.4165,0,1,1,0,0,1,0,0,1
1307.4166,0,1,1,0,0,1,0,0,1
1307.4167,0,1,1,0,0,1,0,0,1
1307.4168,0,1,1,0,0,1,0,0,1
1307.4169,0,1,1,0,0,1,0,0,1
1307.417,0,1,1,0,0,1,0,0,1
1307.4170,0,1,1,0,0,1,0,0,1
1307.4171,0,1,1,0,0,1,0,0,1
1307.4172,0,1,1,0,0,1,0,0,1
1307.4173,0,1,1,0,0,1,0,0,1
1307.4174,0,1,1,0,0,1,0,0,1
1307.4175,0,1,1,0,0,1,0,0,1
1307.4176,0,1,1,0,0,1,0,0,1
1307.4177,0,1,1,0,0,1,0,0,1
1307.4178,0,1,1,0,0,1,0,0,1
1307.4179,1,1,1,0,0,1,0,1,1
1307.418,1,0,0,1,1,0,1,1,0
1307.4180,0,1,1,0,0,1,0,0,1
1307.4181,0,1,1,0,0,1,0,0,1
1307.4182,1,0,1,0,0,1,0,1,1
1307.4183,0,1,1,0,0,1,0,0,1
1307.4184,0,1,1,0,0,1,0,0,1
1307.4185,0,1,1,0,0,1,0,0,1
1307.4186,0,1,1,0,0,1,0,0,1
1307.4187,1,1,0,0,1,1,0,0,1
1307.4188,0,1,1,1,0,1,0,0,1
1307.4189,1,0,0,0,1,1,0,0,1
1307.419,0,0,0,1,1,0,1,1,0
1307.4190,1,0,0,0,1,1,0,0,1
1307.4191,1,0,0,0,1,1,0,0,1
1307.4192,1,0,0,1,1,0,1,1,0
1307.4193,0,1,1,0,0,1,0,0,1
1307.4194,0,0,0,0,1,1,0,0,1
1307.4195,0,1,1,0,0,1,0,0,1
1307.4196,1,0,0,0,0,1,0,0,1
1307.4198,1,0,0,0,0,1,0,0,1
1307.4199,1,0,0,0,1,0,0,1,0
1307.420,1,0,0,1,1,0,1,1,0
1307.421,1,0,0,0,1,0,1,1,0
1307.422,1,0,0,0,1,0,1,1,0
1307.423,1,0,0,1,1,0,1,1,0
1307.424,1,0,0,1,1,0,1,1,0
1307.425,1,0,0,0,1,0,1,1,0
1307.426,1,0,0,0,0,1,0,0,1
1307.427,0,0,0,0,0,1,0,0,1
1307.428,1,0,0,1,1,0,1,1,0
1307.429,1,0,0,1,1,0,1,1,0
1307.430,1,0,0,0,1,1,0,0,1
1307.431,1,0,0,0,1,0,1,1,0
1307.432,1,0,0,0,1,1,0,1,0
1307.433,1,0,0,1,1,0,1,1,0
1307.434,0,0,0,0,0,1,0,0,1
1307.435,0,0,0,0,1,1,0,1,1
1307.436,1,0,0,0,1,0,1,1,0
1307.437,1,0,0,1,1,0,1,1,0
1307.438,1,0,1,0,0,1,0,1,1
1307.439,1,0,0,0,1,0,1,1,1
1307.440,1,0,0,0,1,0,1,1,0
1307.441,0,0,0,0,1,1,0,0,1
1307.442,1,0,0,0,1,0,1,1,0
1307.443,1,0,0,0,1,1,1,1,0
1307.444,1,0,0,0,1,0,1,1,0
1307.445,1,0,0,1,1,0,1,1,0
1307.446,1,0,0,1,1,0,1,1,0
1307.447,0,0,0,0,0,1,0,0,1
1307.448,1,0,0,0,1,0,1,1,0
1307.449,0,1,1,0,0,1,0,0,1
1307.450,1,0,0,1,1,0,1,1,0
1307.451,1,0,0,0,1,1,0,0,1
1307.452,1,0,0,1,1,0,1,1,0
1307.453,1,0,0,0,1,0,1,1,0
1307.454,1,0,0,1,1,0,1,1,0
1307.455,1,0,0,0,1,0,1,1,0
1307.456,1,0,0,1,1,0,1,1,0
1307.457,1,0,0,0,1,0,1,1,0
1307.458,0,1,1,0,0,1,0,0,1
1307.459,1,0,0,0,1,1,0,0,1
1307.460,1,0,0,1,1,0,1,1,0
1307.461,1,0,0,0,1,0,1,1,0
1307.462,1,0,0,0,1,1,1,1,0
1307.463,1,0,0,0,1,0,1,1,0
1307.464,1,0,0,0,1,0,1,1,0
1307.465,0,0,0,0,0,1,0,1,0
1307.466,0,1,1,0,0,1,0,0,1
1307.467,0,1,1,0,0,1,0,0,1
1307.468,0,1,1,0,0,1,0,0,1
1307.469,1,0,0,1,1,0,1,1,0
1307.470,0,0,1,0,0,1,0,0,1
1307.471,1,0,0,1,1,0,1,1,0
1307.472,1,0,1,0,1,1,1,1,1
1307.473,1,0,0,0,1,1,0,0,1
1307.474,0,1,1,0,0,1,0,0,1
1307.476,1,0,0,1,1,0,1,1,0
1307.477,1,0,0,0,1,0,1,1,0
1307.478,1,0,0,1,1,0,1,1,0
1307.479,1,0,0,1,1,0,1,1,0
1307.480,1,0,0,0,1,0,1,1,0
1307.481,1,0,0,1,1,0,1,1,0
1307.482,1,0,0,1,1,0,1,1,0
1307.483,1,0,0,0,1,0,1,1,0
1307.4836,0,0,0,0,0,1,0,1,1
1307.484,1,0,0,0,1,1,0,0,1
1307.485,1,0,0,0,1,0,1,1,0
1307.487,1,0,0,1,1,0,1,1,0
1307.4877,0,1,1,0,0,1,0,0,1
1307.4878,1,0,0,0,1,0,1,1,0
1307.4879,0,0,0,0,0,1,0,0,0
1307.488,1,0,0,1,1,0,1,1,0
1307.4880,1,0,0,0,1,0,1,1,0
1307.4881,1,0,0,0,1,0,1,1,0
1307.4882,0,1,1,0,0,1,0,0,1
1307.4883,1,0,0,0,1,0,1,1,0
1307.4884,1,0,0,1,1,0,1,1,0
1307.4885,1,0,0,1,1,0,1,1,0
1307.4886,0,1,0,0,0,1,0,1,1
1307.4887,1,0,0,1,1,0,1,1,0
1307.4888,1,0,0,0,1,0,1,1,0
1307.4889,1,0,0,1,1,0,1,1,0
1307.489,1,0,0,0,1,1,1,1,0
1307.4890,1,0,0,0,1,0,1,1,0
1307.4891,1,0,0,0,1,0,1,1,0
1307.4892,1,0,0,0,1,0,1,1,0
1307.4893,1,0,0,0,1,0,1,1,0
1307.4894,1,0,0,0,1,0,1,1,0
1307.4895,1,0,0,0,1,0,1,1,0
1307.4896,1,0,0,1,1,0,1,1,0
1307.4897,1,0,0,0,1,0,1,1,0
1307.4898,1,0,0,0,1,0,1,1,0
1307.4899,1,0,0,0,1,0,1,1,0
1307.490,1,0,0,1,1,1,1,1,0
1307.4900,1,0,0,0,1,0,1,1,0
1307.4901,1,0,0,0,1,0,1,1,0
1307.4902,1,0,0,0,1,0,1,1,0
1307.4903,1,0,0,0,1,0,1,1,0
1307.4904,1,0,0,0,1,0,1,1,0
1307.4905,1,0,0,0,1,0,1,1,0
1307.4906,1,0,0,0,1,0,1,1,0
1307.4907,1,0,0,0,1,0,1,1,0
1307.4908,1,0,0,0,1,0,1,1,0
1307.4909,1,0,0,1,1,0,1,1,0
1307.491,1,0,0,1,1,0,1,1,0
1307.4910,1,0,0,1,1,0,1,1,0
1307.4911,1,0,0,0,1,0,1,1,0
1307.4912,1,0,0,1,1,0,1,1,0
1307.4913,1,0,0,0,1,0,1,1,0
1307.4914,1,0,0,1,1,0,1,1,0
1307.4915,1,0,0,1,1,0,1,1,0
1307.4916,1,0,0,1,1,0,1,1,0
1307.4917,1,0,0,1,1,0,1,1,0
1307.4918,1,0,0,0,1,0,1,1,0
1307.4919,1,0,0,1,1,0,1,1,0
1307.492,1,0,0,0,1,0,1,1,0
1307.4920,1,0,0,0,1,0,1,1,0
1307.4921,1,0,0,1,1,0,1,1,0
1307.4922,1,0,0,1,1,0,1,1,0
1307.4923,1,0,0,1,1,0,1,1,0
1307.4924,1,0,0,1,1,0,1,1,0
1307.4925,1,0,0,1,1,0,1,1,0
1307.4926,1,0,0,0,1,0,1,1,0
1307.4927,1,0,0,0,1,0,1,1,0
1307.4928,1,0,0,0,1,0,1,1,0
1307.4929,1,0,0,0,1,0,1,1,0
1307.493,1,0,0,0,1,0,1,1,0
1307.4930,1,0,0,1,1,0,1,1,0
1307.4931,1,0,0,1,1,0,1,1,0
1307.4932,1,0,0,1,1,0,1,1,0
1307.4933,1,0,0,0,1,0,1,1,0
1307.4934,1,0,0,1,1,0,1,1,0
1307.4935,1,0,0,0,1,0,1,1,0
1307.4936,1,0,0,0,1,0,1,1,0
1307.4937,1,0,0,1,1,0,1,1,0
1307.4938,1,0,0,0,1,0,1,1,0
1307.4939,1,0,0,0,1,0,1,1,0
1307.4940,1,0,0,1,1,0,1,1,0
1307.4941,1,0,0,1,1,0,1,1,0
1307.4942,1,0,0,0,1,0,1,1,0
1307.4943,1,0,0,0,1,0,1,1,0
1307.4944,1,0,0,0,1,0,1,1,0
1307.4945,1,0,0,1,1,0,1,1,0
1307.4946,1,0,0,1,1,0,1,1,0
1307.4947,1,0,0,1,1,0,1,1,0
1307.4948,1,0,0,0,1,0,1,1,0
1307.4949,1,0,0,1,1,0,1,1,0
1307.495,0,1,1,0,0,1,0,0,1
1307.4950,1,0,0,1,1,0,1,1,0
1307.4951,1,0,0,1,1,0,1,1,0
1307.4952,1,0,0,1,1,0,1,1,0
1307.4953,1,0,0,1,1,0,1,1,0
1307.4954,1,0,0,1,1,0,1,1,0
1307.4955,1,0,0,0,1,0,1,1,0
1307.4956,1,0,0,1,1,0,1,1,0
1307.4957,1,0,0,1,1,0,1,1,0
1307.4958,1,0,0,0,1,0,1,1,0
1307.4959,1,0,0,1,1,0,1,1,0
1307.496,1,0,0,0,1,0,1,1,0
1307.4960,1,0,0,1,1,0,1,1,0
1307.4961,1,0,0,0,1,1,1,1,0
1307.4962,1,0,0,1,1,0,1,1,0
1307.4963,1,0,0,1,1,0,1,1,0
1307.4964,1,0,0,0,1,0,1,1,0
1307.4965,1,0,0,1,1,0,1,1,0
1307.4966,1,0,0,1,1,0,1,1,0
1307.4967,1,0,0,0,1,1,1,1,0
1307.4968,1,0,0,0,1,0,1,1,0
1307.4969,1,0,0,1,1,1,1,1,0
1307.497,1,0,0,1,1,0,1,1,0
1307.4970,1,0,0,1,1,0,1,1,0
1307.4971,1,0,0,1,1,0,1,1,0
1307.4972,1,0,0,0,1,0,1,1,0
1307.4973,1,0,0,1,1,0,1,1,0
1307.4974,1,0,0,1,1,0,1,1,0
1307.4975,1,0,0,0,1,0,1,1,0
1307.4976,1,0,0,0,1,0,1,1,0
1307.4977,1,0,0,1,1,0,1,1,0
1307.4979,0,1,1,0,0,1,0,0,1
1307.498,1,0,0,0,1,0,1,1,0
1307.4980,0,1,1,0,0,1,0,0,1
1307.4981,0,1,1,0,0,1,0,0,1
1307.4982,0,1,1,0,0,1,0,0,1
1307.4983,0,1,0,0,0,1,0,0,1
1307.4984,1,0,0,0,0,1,0,0,1
1307.4985,1,0,0,1,1,0,1,1,0
1307.4986,0,0,0,0,0,1,0,0,1
1307.4987,0,1,1,0,0,1,0,0,1
1307.4988,1,0,1,0,0,1,0,1,1
1307.4989,0,0,0,0,0,1,0,1,1
1307.499,1,0,0,1,1,0,1,1,0
1307.4990,1,0,0,1,1,0,1,1,0
1307.4991,0,1,0,0,0,1,0,0,1
1307.4992,1,0,0,0,1,1,0,0,1
1307.4993,0,1,0,0,0,1,0,0,1
1307.4994,0,1,1,0,0,1,0,0,1
1307.4995,1,0,0,0,0,1,0,0,1
1307.4996,1,0,0,0,0,1,0,0,1
1307.4997,1,0,1,0,1,1,1,1,1
1307.4998,1,0,0,0,0,1,0,0,1
1307.4999,1,0,0,1,1,0,1,1,0
1307.500,1,0,1,0,0,1,0,1,1
1307.5000,0,1,1,0,0,1,0,0,1
1307.5001,0,1,1,0,0,1,0,0,1
1307.5002,0,1,1,0,0,1,0,0,1
1307.5003,1,0,0,1,1,0,1,0,0
1307.5004,1,0,0,0,0,1,0,0,0
1307.5005,0,1,1,0,0,1,0,0,1
1307.5006,0,1,1,0,0,1,0,0,1
1307.5007,0,1,1,0,0,1,0,0,1
1307.5008,1,0,0,0,1,0,1,1,0
1307.5009,1,0,0,0,1,0,1,1,0
1307.501,1,0,0,1,1,0,1,1,0
1307.5010,1,0,0,0,1,0,1,1,0
1307.5011,1,0,0,0,1,0,1,1,0
1307.5012,0,0,0,0,1,1,1,0,1
1307.5021,1,0,0,0,0,1,0,0,1
1307.5022,1,0,0,0,1,1,0,0,1
1307.5023,1,0,0,0,1,1,0,0,1
1307.5024,1,0,0,0,1,1,0,0,1
1307.5025,0,1,1,0,0,1,0,0,1
1307.5026,1,0,0,0,1,1,0,0,1
1307.5027,1,0,0,0,1,1,0,0,1
1307.5028,1,0,0,0,1,1,0,0,1
1307.5029,1,0,0,0,1,1,0,0,1
1307.503,1,0,0,0,1,0,1,1,0
1307.5030,1,0,0,0,1,1,0,0,1
1307.5031,1,0,0,0,1,1,0,0,1
1307.5032,1,0,0,0,1,1,0,0,1
1307.5033,0,1,1,0,0,1,0,0,1
1307.5034,0,0,0,0,1,0,0,0,1
1307.5035,1,0,0,0,1,1,0,0,1
1307.5036,1,0,0,0,1,1,0,0,1
1307.5037,1,0,0,0,1,1,0,0,1
1307.5038,1,0,0,0,1,1,0,0,1
1307.5039,0,1,1,0,0,1,0,0,1
1307.504,0,1,1,0,0,1,0,0,1
1307.5040,1,0,0,0,1,1,0,0,1
1307.5041,0,1,1,0,0,1,0,0,1
1307.5042,0,1,1,0,0,1,0,0,1
1307.5043,0,1,1,0,0,1,0,0,1
1307.5044,0,1,1,0,0,1,0,0,1
1307.5045,0,1,1,0,0,1,0,0,1
1307.5046,1,0,0,0,1,1,0,0,1
1307.5047,0,1,1,0,0,1,0,0,1
1307.5048,1,0,0,0,1,1,0,0,1
1307.5049,0,1,1,0,0,1,0,0,1
1307.505,1,0,0,1,1,0,1,1,0
1307.5050,1,0,0,1,0,0,1,1,0
1307.5051,0,1,1,0,0,1,0,0,1
1307.5052,1,0,1,0,0,1,0,1,1
1307.5053,1,0,0,1,0,0,1,1,0
1307.5054,1,0,0,0,0,1,0,0,1
1307.5055,1,0,0,1,1,0,1,1,0
1307.5056,1,0,1,0,0,1,0,1,1
1307.5057,1,0,0,1,1,0,1,1,0
1307.5058,1,0,0,1,0,0,1,1,0
1307.5059,1,0,0,0,1,0,1,1,0
1307.506,1,0,0,0,1,0,1,1,0
1307.5060,1,0,0,1,1,0,1,1,0
1307.5061,1,0,0,1,0,0,1,1,0
1307.5062,1,0,0,1,1,0,1,1,0
1307.5063,1,0,0,0,1,0,1,1,0
1307.5064,1,0,0,0,0,1,0,0,1
1307.5065,1,0,0,0,1,0,1,1,0
1307.5066,1,0,0,0,1,1,0,0,1
1307.5067,1,0,0,0,1,0,1,1,0
1307.5068,1,0,0,0,0,1,0,0,1
1307.5069,1,0,0,1,0,0,1,1,0
1307.507,1,0,0,0,1,0,1,1,0
1307.5070,1,0,0,1,1,0,1,1,0
1307.5071,1,0,0,1,1,0,1,1,0
1307.5072,1,0,0,0,1,0,1,1,0
1307.5073,1,0,0,0,1,0,1,1,0
1307.5074,1,0,0,1,0,0,1,1,0
1307.5075,0,1,1,0,0,1,0,0,1
1307.5076,1,0,0,1,0,0,1,1,0
1307.5077,0,1,1,0,0,1,0,0,1
1307.5078,1,0,0,0,1,0,1,1,0
1307.5079,0,1,1,0,0,1,0,0,1
1307.5080,1,0,0,1,1,0,1,0,0
1307.5081,0,1,1,0,0,1,0,0,1
1307.5082,1,0,0,1,0,0,1,1,0
1307.5083,1,0,0,1,0,0,1,1,0
1307.5084,1,0,0,1,0,0,1,1,0
1307.5085,1,0,0,1,0,0,1,1,0
1307.5086,1,0,0,1,0,0,1,1,0
1307.5087,1,0,0,1,1,0,1,1,0
1307.5088,1,0,0,0,0,1,0,0,0
1307.5089,1,0,0,1,0,0,1,1,0
1307.5090,1,0,0,1,0,0,1,1,0
1307.5091,1,0,0,1,1,0,1,1,0
1307.5092,1,0,0,1,1,0,1,1,0
1307.5093,1,0,0,0,1,0,1,1,0
1307.5094,1,0,0,1,0,0,1,1,0
1307.5095,0,1,1,0,0,1,0,0,1
1307.5096,1,0,0,1,1,0,1,1,0
1307.512,1,0,0,1,1,0,1,1,0
1307.5123,1,0,0,1,1,0,1,1,0
1307.5124,1,0,0,0,1,0,1,1,0
1307.5125,1,0,0,1,1,0,1,1,0
1307.5126,1,0,0,0,1,0,1,1,0
1307.5127,1,0,0,1,1,0,1,1,0
1307.5128,0,1,1,0,0,1,0,0,1
1307.5129,1,0,0,1,1,0,1,1,0
1307.513,1,0,0,0,0,0,1,1,0
1307.5130,1,0,0,1,1,0,1,1,0
1307.5131,1,0,0,0,1,1,1,1,0
1307.515,1,0,0,1,1,0,1,1,0
1307.516,1,0,0,0,1,0,0,0,1
1307.517,1,0,0,1,1,0,1,1,0
1307.519,1,0,0,1,1,0,1,1,0
1307.5293,0,1,1,0,0,1,0,0,1
1307.5294,1,0,0,0,1,0,1,1,0
1307.5295,1,0,0,0,0,1,1,0,1
1307.5296,0,1,0,0,0,1,0,1,1
1307.5297,1,0,1,0,0,1,0,1,1
1307.5298,1,0,0,0,0,1,0,0,0
1307.5299,1,0,1,0,0,1,0,1,1
1307.5300,0,1,1,0,0,1,0,0,1
1307.5301,1,0,0,0,1,0,1,1,0
1307.5302,0,1,1,0,0,1,0,0,1
1307.5303,1,0,0,1,1,0,1,1,0
1307.5304,1,0,0,0,1,0,1,1,0
1307.5305,1,0,0,1,0,0,1,1,0
1307.5306,0,1,1,0,0,1,0,0,1
1307.5307,1,0,1,0,0,1,0,1,1
1307.5308,1,0,1,0,0,1,0,1,1
1307.5309,1,0,0,1,0,0,1,1,0
1307.5310,0,1,1,0,0,1,0,0,1
1307.5311,1,0,0,0,0,1,0,0,1
1307.5312,1,0,0,1,1,0,1,1,0
1307.5313,1,0,0,1,1,0,1,1,0
1307.5314,1,0,0,0,0,1,0,0,0
1307.5315,1,0,0,1,1,0,1,1,0
1307.5316,1,0,1,0,0,1,0,1,1
1307.5317,0,1,1,0,0,1,0,0,1
1307.5318,1,0,0,0,1,1,0,1,1
1307.5319,0,1,1,0,0,1,0,0,1
1307.5320,0,1,1,0,0,1,0,0,1
1307.5321,0,1,1,0,0,1,0,0,1
1307.5322,1,0,1,0,0,1,0,1,1
1307.5323,1,0,0,1,1,0,1,1,0
1307.5324,1,0,0,0,0,1,0,0,0
1307.5325,1,0,0,0,1,1,0,0,1
1307.5326,0,1,1,0,0,1,0,0,1
1307.5327,0,1,1,0,0,1,0,0,1
1307.5328,0,1,1,0,0,1,0,0,1
1307.5329,1,0,0,1,1,0,1,1,0
1307.5330,1,0,0,1,1,0,1,1,0
1307.5331,0,1,1,0,0,1,0,0,1
1307.5539,1,0,0,0,0,1,0,0,1
1307.5540,0,1,1,0,0,1,0,0,1
1307.5541,1,0,0,0,0,1,0,0,1
1307.5542,0,1,1,0,0,1,0,0,1
1307.5543,1,0,0,0,0,1,0,0,1
1307.5544,1,0,0,0,0,1,0,0,1
1307.5545,0,1,1,0,0,1,0,0,1
1307.5546,0,0,0,0,0,1,0,0,1
1307.5547,0,0,0,0,0,1,0,0,1
1307.5548,0,0,0,0,0,1,0,0,1
1307.5549,0,0,0,0,1,1,0,1,1
1307.5550,0,0,0,0,1,1,0,0,1
1307.5551,1,0,0,0,1,1,0,0,1
1307.5552,1,0,0,0,1,1,0,0,1
1307.5553,0,0,0,0,0,1,0,0,1
1307.5554,0,0,0,0,1,1,0,0,1
1307.5555,0,0,0,0,1,1,0,0,1
1307.5556,0,0,0,0,0,1,0,0,1
1307.5557,0,0,0,0,1,1,0,0,1
1307.5558,1,0,0,0,1,1,0,0,1
1307.5559,1,0,0,0,0,1,0,0,0
1307.5560,1,0,0,1,0,0,1,0,1
1307.5561,1,0,0,0,1,0,1,0,1
1307.5562,0,0,0,0,0,1,0,0,1
1307.5563,1,0,0,0,1,0,1,0,1
1307.5564,1,0,0,0,0,1,0,0,1
1307.5565,0,0,0,0,0,1,0,0,1
1307.5566,0,0,0,0,0,1,0,0,1
1307.5567,1,0,0,0,1,1,0,0,1
1307.5568,0,0,0,0,0,1,0,0,1
1307.5569,1,0,0,0,0,1,0,0,1
1307.5570,0,0,0,0,0,1,0,0,1
1307.5571,1,0,0,0,0,1,0,0,1
1307.5572,1,0,0,0,0,1,0,0,1
1307.5573,1,0,0,0,1,1,0,1,1
1307.5574,0,1,1,1,0,1,0,0,1
1307.5575,0,1,1,1,0,1,0,0,1
1307.5576,0,1,1,0,0,1,0,0,1
1307.5577,0,1,1,1,0,1,0,0,1
1307.5578,0,1,1,1,0,1,0,0,1
1307.5579,0,1,1,1,0,1,0,0,1
1307.5580,0,1,1,1,0,1,0,0,1
1307.5581,0,1,1,1,0,1,0,0,1
1307.5582,0,1,1,1,0,1,0,0,1
1307.5583,1,0,1,0,0,1,0,1,1
1307.5584,0,0,0,0,0,1,0,1,0
1307.5585,0,0,0,0,0,1,0,1,0
1307.5586,0,1,1,1,0,1,0,0,1
1307.5587,0,0,0,0,0,1,0,1,0
1307.5588,0,1,1,0,1,1,0,0,1
1307.5589,0,1,1,0,0,1,0,0,1
1307.5590,0,1,1,0,0,1,0,0,1
1307.5591,0,1,1,0,0,1,0,0,1
1307.5592,0,1,1,0,0,1,0,0,1
1307.5593,0,1,1,0,0,1,0,0,1
1307.5594,0,0,0,0,0,1,0,1,0
1307.5595,0,1,1,1,0,1,0,0,1
1307.5596,1,1,1,1,1,1,0,0,1
1307.5597,0,1,1,0,1,1,0,0,1
1307.5605,0,1,1,0,0,1,0,0,1
1307.5606,0,1,1,0,0,1,0,0,1
1307.5607,1,0,0,0,1,1,0,0,1
1307.5608,1,0,0,0,0,1,0,0,1
1307.5609,1,0,0,0,0,1,0,0,1
1307.5610,1,0,0,1,1,0,1,1,0
1307.5611,1,1,0,0,0,1,0,0,1
1307.5612,1,0,0,0,0,1,0,0,1
1307.5613,1,0,0,0,1,0,1,1,0
1307.5614,1,0,1,0,0,1,0,1,1
1307.5615,0,0,0,0,0,1,0,0,1
1307.5616,1,0,0,0,0,1,0,0,1
1307.5617,1,0,0,0,1,1,0,0,1
1307.5618,1,0,0,0,0,0,0,1,1
1307.5619,0,0,0,0,0,1,0,0,1
1307.5620,1,0,0,0,0,1,0,0,1
1307.5621,1,0,0,0,0,1,0,0,1
1307.5622,1,0,0,0,0,1,0,0,1
1307.5623,1,0,0,0,0,1,0,0,1
1307.5624,0,1,0,0,1,0,0,1,1
1307.5625,0,0,0,0,0,1,0,0,1
1307.5626,0,0,0,0,0,1,0,0,1
1307.5627,1,0,0,1,1,0,1,1,0
1307.5628,1,0,0,0,1,1,0,0,1
1307.5629,0,0,0,0,0,1,0,0,0
1307.5630,1,0,1,0,0,1,0,1,1
1307.5631,0,1,1,0,0,1,0,0,1
1307.5632,0,1,1,0,0,1,0,0,1
1307.5633,1,0,0,1,1,1,1,0,0
1307.5634,1,0,0,0,1,1,0,0,0
1307.5635,0,0,0,0,0,1,0,0,1
1307.5636,0,0,1,0,0,1,0,0,1
1307.5637,1,0,0,1,1,0,1,1,0
1307.5638,1,0,0,0,0,1,0,0,1
1307.5639,1,0,0,0,1,1,0,0,1
1307.5640,1,0,0,0,0,1,0,0,1
1307.565,0,1,1,0,0,1,0,0,1
1307.566,0,0,0,0,0,1,0,0,1
1307.567,1,0,0,0,1,0,1,1,0
1307.568,0,1,1,0,0,1,0,0,1
1307.569,0,0,0,0,1,1,0,0,0
1307.570,1,0,0,0,1,0,1,1,0
1307.571,0,1,1,0,0,1,0,0,1
1307.572,1,0,0,0,1,0,1,1,0
1307.573,1,0,0,1,1,0,1,1,0
1307.574,1,0,0,0,1,0,1,1,0
1307.5742,0,0,0,0,0,0,0,0,0
1307.5743,1,0,0,0,0,0,0,0,1
1307.5744,1,0,0,0,1,1,0,0,1
1307.5745,0,0,1,0,0,0,0,0,0
1307.5746,0,0,0,0,0,0,0,0,0
1307.5747,1,0,0,0,0,0,0,0,1
1307.575,1,0,0,1,1,0,1,1,0
1307.5757,1,0,1,0,0,1,0,1,1
1307.5758,1,0,1,0,0,1,0,1,1
1307.5759,1,0,1,0,0,1,0,1,1
1307.576,1,0,0,1,1,0,1,1,0
1307.5760,1,0,1,0,0,1,0,1,1
1307.5761,1,0,1,0,0,1,0,1,1
1307.5762,1,0,1,0,0,1,0,1,1
1307.5763,1,0,0,1,1,0,1,1,0
1307.5764,1,0,1,0,0,1,0,1,1
1307.5765,1,0,0,1,0,0,1,0,0
1307.5766,0,1,1,0,0,1,0,0,1
1307.577,1,0,0,0,1,0,1,1,0
1307.578,1,0,0,0,0,1,0,1,1
1307.579,0,0,0,0,0,1,0,0,1
1307.580,0,1,1,0,0,1,0,0,1
1307.581,1,1,0,0,0,1,0,0,0
1307.582,0,1,1,0,0,1,0,0,1
1307.583,1,0,0,1,1,0,1,1,0
1307.584,1,0,0,1,1,0,1,1,0
1307.585,1,0,0,1,1,0,1,1,0
1307.5850,1,0,0,1,1,0,1,1,0
1307.5851,1,0,0,1,0,0,1,1,0
1307.5852,1,0,0,1,0,0,1,1,0
1307.586,1,0,0,0,0,1,0,0,0
1307.587,1,0,0,0,1,0,1,1,0
1307.588,1,0,0,1,1,0,1,1,0
1307.5888,1,0,1,0,0,1,0,1,1
1307.5889,1,0,0,0,1,1,0,0,0
1307.589,1,0,0,0,1,0,0,0,1
1307.5893,0,0,0,0,1,1,0,0,0
1307.590,1,0,0,1,1,0,1,1,0
1307.591,0,1,1,0,0,1,0,0,1
1307.5914,0,0,0,0,1,1,0,0,1
1307.5915,1,1,0,0,0,1,0,0,1
1307.5916,1,0,0,0,1,0,1,1,0
1307.5917,1,0,0,1,1,0,1,1,0
1307.5918,0,0,0,0,1,1,0,0,0
1307.5919,0,0,0,0,1,1,0,0,1
1307.592,1,0,0,0,1,0,1,1,0
1307.5920,0,0,0,0,0,1,0,1,1
1307.593,1,0,0,1,1,0,1,1,0
1307.594,1,0,0,0,1,0,1,1,0
1307.595,1,0,0,0,0,1,0,0,1
1307.596,1,0,0,0,1,1,1,1,0
1307.5967,0,1,1,0,0,1,0,0,1
1307.5968,1,0,0,1,1,0,1,1,0
1307.5969,1,0,0,1,1,1,1,1,0
1307.597,0,1,1,0,0,1,0,0,1
1307.5970,1,0,0,0,0,1,0,0,1
1307.5971,1,0,0,0,0,1,0,0,0
1307.5972,1,0,0,0,1,1,0,0,0
1307.5973,0,0,0,0,1,0,0,0,1
1307.5974,1,0,0,1,0,1,0,0,1
1307.5975,1,0,0,0,1,1,0,1,0
1307.5976,1,0,0,0,1,1,0,1,0
1307.5977,1,0,1,0,0,1,0,1,1
1307.5978,1,0,0,0,0,0,0,0,1
1307.5979,1,0,0,0,0,1,0,0,1
1307.598,1,0,0,0,1,1,1,1,0
1307.5980,1,0,0,0,1,0,0,0,0
1307.5981,1,0,0,0,0,1,0,0,1
1307.5982,1,1,0,0,0,1,0,0,1
1307.5983,0,0,0,0,0,0,1,0,1
1307.5984,1,0,0,0,0,0,0,0,1
1307.5985,1,0,0,0,0,1,0,0,1
1307.5986,0,0,0,0,0,1,1,0,1
1307.5987,1,0,0,0,1,1,0,0,1
1307.5988,0,1,0,0,0,1,0,0,1
1307.5989,1,0,0,0,0,1,0,0,1
1307.599,1,0,1,0,0,1,0,1,1
1307.5990,0,0,0,0,1,1,0,0,1
1307.5991,0,0,0,0,1,1,1,0,1
1307.5992,0,0,0,0,1,1,0,0,1
1307.5997,0,1,1,0,0,1,0,0,1
1307.5998,1,0,0,0,0,1,0,0,1
1307.5999,1,0,0,0,0,1,0,0,1
1307.600,1,0,0,1,1,0,1,1,0
1307.6000,1,0,0,0,0,1,0,0,1
1307.6001,1,0,0,0,0,1,0,0,1
1307.6002,1,0,0,0,0,1,0,0,1
1307.6003,1,0,0,0,0,1,0,0,1
1307.6004,1,0,0,0,0,1,0,0,1
1307.6005,1,0,0,0,0,1,0,0,1
1307.601,1,0,0,0,1,0,1,1,0
1307.602,1,0,0,1,1,0,1,1,0
1307.603,1,0,0,1,1,0,1,1,0
1307.604,1,0,0,0,0,1,0,0,1
1307.605,0,0,0,0,1,0,0,0,0
1307.606,1,0,0,0,1,0,1,1,0
1307.607,1,0,1,0,0,1,0,1,1
1307.608,1,0,0,0,1,1,0,0,1
1307.609,0,0,0,0,0,1,0,0,0
1307.610,1,0,0,0,0,1,0,0,1
1307.611,1,0,0,0,0,1,0,0,1
1307.612,0,0,0,0,0,0,0,1,1
1307.613,0,1,1,0,0,1,0,0,1
1307.614,1,0,0,0,1,1,0,0,1
1307.615,1,0,0,0,0,1,1,0,1
1307.616,0,1,1,0,0,1,0,0,1
1307.617,0,0,0,0,0,1,0,1,0
1307.618,1,0,0,0,0,1,0,0,1
1307.619,0,0,0,0,1,1,1,1,0
1307.620,0,1,1,0,0,1,0,0,1
1307.621,0,1,1,0,0,1,0,0,1
1307.622,1,0,0,0,0,1,0,0,1
1307.623,0,1,1,0,0,1,0,0,1
1307.624,1,0,0,0,1,0,1,1,0
1307.625,1,0,0,0,1,0,1,1,0
1307.626,1,0,0,0,1,0,1,1,0
1307.627,1,0,0,0,1,0,1,1,0
1307.628,1,0,0,0,1,0,1,1,0
1307.629,1,0,0,0,1,1,1,1,0
1307.630,1,0,0,0,1,0,1,1,0
1307.631,1,0,0,0,1,1,1,1,0
1307.632,0,0,0,0,0,1,0,1,0
1307.633,1,0,0,1,1,0,1,1,0
1307.634,1,0,0,1,1,0,1,1,0
1307.635,1,0,0,0,0,1,0,0,1
1307.636,1,0,0,0,1,0,1,1,0
1307.637,1,0,0,1,1,0,1,1,0
1307.638,1,0,0,1,1,0,1,1,0
1307.639,1,0,0,1,1,0,1,1,0
1307.640,1,0,0,1,1,0,1,1,0
1307.641,1,0,0,1,1,0,1,1,0
1307.642,0,1,1,0,0,1,0,0,1
1307.643,1,0,0,0,0,1,0,0,1
1307.644,0,1,1,0,0,1,0,0,1
1307.645,1,0,0,1,1,0,1,1,0
1307.646,1,0,0,0,1,1,0,0,1
1307.647,1,0,0,1,1,0,1,1,0
1307.648,1,0,0,1,1,0,1,1,0
1307.649,1,0,0,0,1,0,1,1,0
1307.650,1,0,0,0,1,0,1,1,0
1307.651,1,0,0,1,1,0,1,1,0
1307.652,1,0,0,0,1,0,1,1,0
1307.6521,1,0,0,0,1,1,0,0,1
1307.6522,1,0,0,0,1,0,1,1,0
1307.6523,1,0,0,1,1,0,1,1,0
1307.6524,1,0,0,0,0,1,0,0,1
1307.6525,1,0,0,0,1,0,1,1,0
1307.6526,1,0,0,1,1,1,1,0,0
1307.6527,1,0,0,1,1,0,1,1,0
1307.6528,0,0,0,0,1,0,0,0,1
1307.6529,1,0,1,0,0,1,0,1,1
1307.653,1,0,0,0,1,0,1,1,0
1307.6530,1,0,0,0,1,1,0,0,1
1307.6531,1,0,0,0,0,1,0,0,1
1307.6535,1,0,0,0,1,1,0,0,1
1307.6536,1,0,0,0,1,1,0,0,1
1307.6537,1,0,0,0,0,1,0,0,1
1307.6538,1,0,0,0,0,1,0,0,1
1307.6539,1,0,0,0,1,1,0,0,1
1307.654,1,0,0,0,1,1,1,1,0
1307.6540,1,0,1,0,0,1,0,1,1
1307.6541,1,0,0,0,0,1,0,0,1
1307.6542,1,0,0,0,0,1,0,0,1
1307.6543,1,0,1,0,0,1,0,1,1
1307.655,1,0,0,0,0,1,0,0,1
1307.656,1,0,0,0,1,1,1,1,0
1307.657,1,0,0,1,1,0,1,1,0
1307.658,1,0,0,1,1,0,1,1,0
1307.659,1,0,0,1,1,0,1,1,0
1307.660,1,0,0,1,1,0,1,1,0
1307.661,1,0,0,0,1,0,1,1,0
1307.662,1,0,0,1,1,0,1,1,0
1307.663,0,1,1,0,0,1,0,0,1
1307.664,1,0,0,0,1,1,1,0,1
1307.665,1,0,0,0,0,1,0,1,1
1307.666,1,0,0,1,1,0,1,1,0
1307.667,1,0,0,0,1,1,0,1,0
1307.668,1,0,0,1,1,0,1,1,0
1307.669,0,1,1,0,0,1,0,0,1
1307.670,1,0,0,0,1,0,1,1,0
1307.671,1,0,0,1,1,0,1,1,0
1307.672,1,0,0,1,1,0,1,1,0
1307.673,1,0,0,1,1,0,1,1,0
1307.674,1,0,0,0,1,0,1,1,0
1307.675,0,1,1,0,0,1,0,0,1
1307.676,1,0,0,0,1,1,0,0,1
1307.677,1,0,0,1,1,0,1,1,0
1307.678,1,0,0,1,1,0,1,1,0
1307.679,1,0,0,0,1,1,0,0,1
1307.680,0,1,1,0,0,1,0,0,1
1307.681,0,1,1,0,0,1,0,0,1
1307.682,1,0,0,1,1,0,1,1,0
1307.683,1,0,0,0,1,0,1,1,0
1307.684,1,0,0,0,0,0,0,0,1
1307.685,1,0,0,0,1,1,1,1,0
1307.686,1,0,0,0,1,0,1,1,0
1307.687,1,0,0,0,1,0,1,1,0
1307.688,1,0,0,0,1,0,0,1,0
1307.689,1,0,0,1,1,0,1,1,0
1307.690,1,0,0,1,1,0,1,1,0
1307.691,0,1,1,0,0,1,0,0,1
1307.692,0,0,0,0,1,1,0,0,0
1307.693,1,0,0,0,1,0,1,1,0
1307.694,0,1,1,0,0,1,0,0,1
1307.695,0,0,0,0,0,1,0,0,0
1307.696,0,0,0,0,1,1,0,0,0
1307.697,1,0,0,0,1,0,0,0,1
1307.698,1,0,0,1,1,0,1,1,0
1307.700,1,0,0,0,1,0,1,1,0
1307.701,1,0,0,1,1,0,1,1,0
1307.702,1,0,0,0,0,1,0,0,1
1307.703,1,0,0,0,1,0,1,1,0
1307.704,1,0,0,0,1,0,1,1,0
1307.705,0,1,1,0,0,1,0,0,1
1307.706,1,0,0,1,1,0,1,1,0
1307.707,0,0,0,0,0,1,0,0,1
1307.708,1,0,0,0,1,0,1,1,0
1307.709,1,0,0,1,1,0,1,1,0
1307.710,1,0,0,1,1,0,1,1,0
1307.711,1,0,0,1,1,0,1,1,0
1307.712,1,0,0,0,1,0,1,1,0
1307.713,1,0,0,0,1,1,0,0,1
1307.714,1,0,0,0,1,0,1,1,0
1307.715,1,0,0,0,1,0,1,1,0
1307.716,1,0,0,0,1,0,1,1,0
1307.717,1,0,0,1,1,0,1,1,0
1307.718,1,0,0,1,1,0,1,1,0
1307.719,1,0,0,0,1,0,1,1,0
1307.720,1,0,0,1,1,0,1,1,0
1307.721,1,0,0,1,1,1,1,1,0
1307.722,1,0,0,0,1,0,1,1,0
1307.723,1,0,0,0,1,0,1,1,0
1307.724,0,0,0,0,1,1,1,1,0
1307.725,1,0,0,0,1,0,1,1,0
1307.726,1,0,0,1,1,0,1,1,0
1307.727,1,0,0,1,1,0,1,1,0
1307.728,1,0,0,1,1,0,1,1,0
1307.729,1,0,0,1,1,0,1,1,0
1307.730,1,0,0,0,1,0,1,1,0
1307.731,1,0,0,0,1,0,1,1,1
1307.732,1,0,0,1,1,0,1,1,0
1307.733,1,0,0,0,1,0,1,1,0
1307.734,1,0,0,0,1,0,1,1,0
1307.735,1,0,0,0,1,0,1,1,0
1307.736,1,0,0,1,1,0,1,1,0
1307.737,1,0,0,0,1,0,1,1,0
1307.738,1,0,0,1,1,0,1,1,0
1307.739,1,0,0,1,1,0,1,1,0
1307.740,1,0,0,1,1,0,1,1,0
1307.741,1,0,0,0,0,1,0,0,1
1307.742,1,0,0,1,1,0,1,1,0
1307.743,1,0,0,1,1,0,1,1,0
1307.744,1,0,0,0,1,0,1,1,0
1307.745,1,0,0,1,1,0,1,1,0
1307.746,1,0,0,1,1,0,1,1,0
1307.747,0,0,0,0,0,1,0,1,1
1307.748,0,1,1,0,0,1,0,0,1
1307.749,0,1,1,0,0,1,0,0,1
1307.750,1,0,0,0,1,0,1,1,0
1307.751,1,0,0,1,1,0,1,1,0
1307.752,1,0,0,1,1,0,1,1,0
1307.753,0,0,0,0,0,1,0,1,0
1307.754,1,0,0,0,0,1,0,0,1
1307.755,1,0,0,1,1,0,1,1,0
1307.756,1,0,0,1,1,0,1,1,0
1307.757,1,0,0,1,1,0,1,1,0
1307.758,1,0,0,1,1,0,1,1,0
1307.759,1,0,0,0,1,1,0,0,1
1307.760,0,0,0,0,0,1,0,0,1
1307.761,1,0,0,0,1,0,1,1,0
1307.762,1,0,0,0,1,0,1,1,0
1307.763,1,0,0,1,1,0,1,1,0
1307.764,1,0,0,0,1,0,1,1,1
1307.765,1,0,0,0,0,1,0,0,1
1307.766,0,1,1,0,0,1,0,0,1
1307.767,1,0,0,0,1,1,0,0,1
1307.768,1,0,0,0,1,0,0,0,1
1307.769,1,0,0,0,0,1,0,1,1
1307.770,1,0,0,0,0,1,0,1,0
1307.771,0,0,0,0,1,1,0,1,0
1307.772,1,0,0,1,1,0,1,1,0
1307.773,1,0,0,1,1,0,1,1,0
1307.774,1,0,0,0,1,0,1,1,0
1307.775,1,0,0,0,1,1,0,0,1
1307.776,1,0,0,0,1,0,1,1,0
1307.777,1,0,0,1,1,0,1,1,0
1307.778,1,0,0,0,1,0,1,1,0
1307.779,1,0,0,0,1,0,1,1,0
1307.780,1,0,0,1,1,0,1,1,0
1307.781,1,0,0,0,1,0,1,1,1
1307.782,0,1,1,0,0,1,0,0,1
1307.783,1,0,0,0,0,1,0,0,1
1307.784,1,0,0,0,1,1,0,0,1
1307.785,0,1,1,0,0,1,0,0,1
1307.786,1,0,0,0,1,0,1,1,0
1307.787,1,0,0,1,1,0,1,1,0
1307.788,1,0,0,1,1,0,1,1,0
1307.789,0,0,0,0,0,1,0,0,1
1307.790,0,1,1,0,0,1,0,0,1
1307.791,1,0,0,1,1,0,1,1,0
1307.792,1,0,0,1,1,0,1,1,0
1307.793,1,0,0,0,1,1,0,0,1
1307.794,1,0,0,0,1,1,0,0,1
1307.795,1,0,0,1,1,0,1,1,0
1307.796,1,0,0,0,1,1,1,1,0
1307.797,1,0,0,1,1,0,1,1,0
1307.798,1,0,0,0,1,0,1,1,1
1307.799,1,0,0,0,0,1,0,0,1
1307.800,1,0,0,1,1,0,1,1,0
1307.801,1,0,0,0,1,0,1,1,0
1307.802,1,0,0,0,1,0,1,1,0
1307.803,1,0,0,1,1,0,1,1,0
1307.804,1,0,0,0,1,0,1,1,0
1307.805,1,0,0,1,1,0,1,1,0
1307.806,1,0,0,0,0,1,0,0,1
1307.807,1,0,0,0,0,1,0,1,0
1307.808,0,1,1,0,0,1,0,0,1
1307.809,0,1,1,0,0,1,0,0,1
1307.810,1,0,0,0,0,1,1,1,0
1307.811,1,0,0,0,1,0,1,1,0
1307.812,1,0,0,0,1,0,1,1,0
1307.813,1,0,0,1,1,0,1,1,0
1307.814,1,0,0,1,1,0,1,1,0
1307.815,0,0,0,0,0,1,0,0,1
1307.816,1,0,0,0,1,1,0,0,1
1307.817,1,0,0,1,1,0,1,1,0
1307.818,1,0,0,1,1,0,1,1,0
1307.819,1,0,0,0,1,0,1,1,0
1307.820,1,0,0,0,1,1,1,1,0
1307.821,1,0,0,0,1,0,1,1,0
1307.822,1,0,0,1,1,0,1,1,0
1307.823,1,0,0,0,1,0,1,1,0
1307.824,1,0,0,0,0,1,1,0,1
1307.825,0,0,0,0,1,0,0,0,0
1307.826,0,1,1,0,0,1,0,0,1
1307.827,1,0,0,1,1,0,1,1,0
1307.828,1,0,0,0,1,0,1,1,0
1307.829,1,0,0,0,1,0,1,1,0
1307.830,0,1,1,0,0,1,0,0,1
1307.831,0,0,0,0,0,1,1,0,1
1307.832,0,1,1,0,0,1,0,0,1
1307.833,1,0,0,0,1,1,0,0,1
1307.834,0,0,0,0,0,1,0,0,1
1307.835,0,1,1,0,0,1,0,0,1
1307.836,1,0,0,1,1,0,1,1,0
1307.837,1,0,0,1,1,0,1,1,0
1307.838,1,0,0,0,1,0,1,1,0
1307.839,1,0,0,1,1,0,1,1,0
1307.840,1,0,0,0,1,1,1,1,0
1307.841,1,0,1,0,0,1,0,0,1
1307.842,0,1,1,0,0,1,0,0,1
1307.843,0,1,1,0,0,1,0,0,1
1307.844,1,0,0,0,1,0,0,0,1
1307.845,1,0,0,1,1,0,1,1,0
1307.846,0,1,1,0,0,1,0,0,1
1307.847,1,0,0,1,1,0,1,1,0
1307.848,1,0,1,0,0,1,0,1,1
1307.849,1,0,1,0,0,1,0,1,1
1307.850,1,0,0,1,1,0,1,1,0
1307.851,1,0,0,1,1,0,1,1,0
1307.852,1,0,0,0,1,0,1,1,0
1307.853,1,0,0,0,1,0,1,1,0
1307.854,1,0,0,1,1,0,1,1,0
1307.855,1,0,0,1,1,0,1,1,0
1307.856,0,0,0,0,1,1,0,1,1
1307.857,0,0,0,0,0,1,0,1,0
1307.858,1,0,0,0,0,0,1,1,0
1307.859,1,0,0,1,1,0,1,1,0
1307.860,1,0,0,0,1,0,0,0,1
1307.861,1,0,0,0,1,0,1,1,0
1307.862,1,0,0,1,1,0,1,1,0
1307.863,1,0,0,0,1,0,1,1,0
1307.864,1,0,0,0,1,0,1,1,0
1307.865,1,0,0,0,1,0,1,1,0
1307.866,1,0,0,0,1,0,1,1,0
1307.867,1,0,0,1,1,0,1,1,0
1307.868,1,0,0,0,1,0,0,0,0
1307.869,1,0,0,0,1,0,1,1,0
1307.870,0,1,1,0,0,1,0,0,1
1307.871,1,0,0,1,1,0,1,1,0
1307.872,1,0,0,1,1,0,1,1,0
1307.873,1,0,0,0,1,0,1,1,0
1307.874,1,0,0,1,1,0,1,1,0
1307.875,1,0,0,1,1,0,1,1,0
1307.876,1,0,0,1,1,0,1,1,0
1307.877,1,0,0,0,1,0,1,1,0
1307.878,1,0,0,0,1,0,1,1,0
1307.879,1,0,0,0,1,0,1,1,0
1307.880,1,0,0,1,1,0,1,1,0
1307.881,1,0,0,1,1,0,1,1,0
1307.882,1,0,0,1,1,0,1,1,0
1307.883,1,0,0,0,1,0,1,1,0
1307.884,1,0,0,0,1,0,1,1,0
1307.885,1,0,0,1,1,0,1,1,0
1307.886,1,0,0,0,0,1,0,0,0
1307.887,1,0,0,0,1,1,0,0,1
1307.888,1,0,0,0,1,0,1,1,0
1307.889,1,0,0,0,0,1,0,0,1
1307.890,1,0,0,0,1,0,1,1,0
1307.891,0,1,1,0,0,1,0,0,1
1307.892,1,0,0,0,1,1,1,1,0
1307.893,1,0,0,1,1,0,1,1,0
1307.894,1,0,0,1,1,0,1,1,0
1307.895,1,0,0,0,1,0,1,1,0
1307.896,1,0,0,1,1,0,1,1,0
1307.897,1,0,0,1,1,0,1,1,0
1307.898,1,0,0,0,1,0,1,1,0
1307.899,1,0,0,0,1,0,1,1,0
1307.90,1,0,0,1,1,0,1,1,0
1307.900,1,0,0,0,1,0,1,1,0
1307.901,1,0,0,0,1,0,1,1,0
1307.902,1,0,0,1,1,0,1,1,0
1307.903,1,0,0,0,1,0,1,1,0
1307.904,0,1,1,0,0,1,0,0,1
1307.905,0,0,0,0,0,1,0,0,1
1307.906,1,0,0,1,1,0,1,1,0
1307.907,0,0,0,0,0,0,0,1,1
1307.908,1,0,0,1,1,0,1,1,0
1307.909,1,0,0,0,1,0,1,1,0
1307.91,1,0,0,0,1,0,1,1,0
1307.910,1,0,0,1,1,0,1,1,0
1307.911,1,0,0,0,1,0,1,1,0
1307.912,1,0,0,0,1,0,1,1,0
1307.913,1,0,0,0,1,0,1,1,0
1307.914,0,1,1,0,0,1,0,0,1
1307.915,1,1,0,0,0,1,0,0,0
1307.916,0,0,0,0,0,1,0,0,1
1307.917,1,0,0,1,1,0,1,1,0
1307.918,1,0,1,0,0,1,0,1,1
1307.919,0,1,1,0,0,1,0,0,1
1307.92,1,0,0,0,1,0,1,1,0
1307.920,1,0,0,1,1,0,1,1,0
1307.921,1,0,0,0,1,0,1,1,0
1307.922,0,0,0,0,0,1,0,1,0
1307.923,1,0,1,0,0,1,0,0,1
1307.924,1,0,0,1,1,0,1,1,0
1307.925,0,0,0,0,0,1,0,0,1
1307.926,1,0,0,0,1,1,0,0,1
1307.927,1,0,0,1,1,0,1,1,0
1307.928,1,0,0,0,1,1,0,0,1
1307.929,1,0,0,0,1,1,1,1,0
1307.93,1,0,0,0,1,1,0,0,1
1307.930,1,0,0,0,0,1,1,0,1
1307.931,1,0,0,0,1,0,1,1,0
1307.932,1,0,0,1,1,0,1,1,0
1307.933,0,1,1,0,0,1,0,0,1
1307.934,1,0,0,1,1,1,1,1,0
1307.935,1,0,0,0,1,0,1,1,0
1307.936,0,1,1,0,0,1,0,0,1
1307.937,0,0,0,0,1,1,0,1,1
1307.938,1,0,0,0,0,1,0,0,1
1307.939,1,0,0,0,0,1,0,0,1
1307.94,1,0,0,0,1,0,1,1,0
1307.940,1,0,0,0,1,1,0,0,1
1307.941,0,0,0,0,0,1,0,0,1
1307.942,1,0,0,0,1,0,1,1,0
1307.943,1,0,0,0,1,0,1,1,0
1307.944,1,0,0,1,1,1,1,1,0
1307.945,1,0,0,1,1,0,1,1,0
1307.946,1,0,0,0,1,0,1,1,0
1307.947,1,0,0,1,1,1,1,1,0
1307.948,1,0,0,0,1,0,1,1,0
1307.949,1,1,0,0,0,1,0,0,0
1307.95,1,0,1,0,0,1,0,1,1
1307.950,1,0,1,0,0,1,0,1,1
1307.951,0,0,0,1,1,0,1,1,0
1307.952,0,0,0,0,0,1,0,0,1
1307.953,1,0,0,0,1,1,0,0,1
1307.954,1,0,0,0,1,0,1,1,0
1307.955,1,0,0,1,1,0,1,1,0
1307.956,1,0,0,1,1,0,1,1,0
1307.957,1,0,0,0,1,0,1,1,0
1307.958,1,0,0,0,1,0,1,1,0
1307.959,1,0,0,0,1,0,1,1,0
1307.96,1,0,0,0,1,0,1,1,0
1307.960,1,0,1,0,0,1,0,1,1
1307.961,1,0,1,0,0,1,0,1,1
1307.962,1,0,0,1,1,0,1,1,0
1307.963,0,1,1,0,0,1,0,0,1
1307.964,1,0,0,1,1,0,1,1,0
1307.965,0,1,1,0,0,1,0,0,1
1307.966,1,0,0,1,1,0,1,1,0
1307.967,1,0,0,1,1,0,1,1,0
1307.968,1,0,0,0,1,0,1,1,0
1307.969,1,0,0,1,1,0,1,1,0
1307.97,1,0,0,0,1,0,1,1,0
1307.970,1,0,0,0,1,0,1,1,0
1307.971,0,1,1,0,0,1,0,0,1
1307.972,1,0,0,0,1,0,1,1,0
1307.973,1,0,0,1,1,0,1,1,0
1307.974,1,0,0,0,1,0,1,1,0
1307.975,1,0,0,0,1,0,1,1,0
1307.976,1,0,0,0,1,1,0,0,1
1307.977,1,0,0,0,1,0,0,0,1
1307.978,1,0,0,1,1,0,1,1,0
1307.979,1,0,0,1,1,0,1,1,0
1307.98,1,0,0,1,1,0,1,1,0
1307.980,1,0,0,0,1,1,1,1,0
1307.981,1,0,0,1,1,0,1,1,0
1307.982,0,1,1,0,0,1,0,0,1
1307.983,0,1,1,0,0,1,0,0,1
1307.984,1,0,0,1,1,0,1,1,0
1307.985,1,0,0,0,0,1,0,0,1
1307.986,0,1,1,0,0,1,0,0,1
1307.987,1,0,0,1,1,0,1,1,0
1307.988,1,0,0,0,1,0,1,1,0
1307.989,1,0,0,1,1,0,1,1,0
1307.99,1,0,0,1,1,0,1,1,0
1307.990,1,0,0,0,1,0,1,1,0
1307.991,1,0,0,1,1,0,1,1,0
1307.992,1,0,0,0,1,0,1,1,0
1307.993,1,0,0,1,1,1,1,1,0
1321372.3,1,0,0,0,1,1,0,0,1
1323687.3,1,0,0,0,0,1,1,0,1
1323688.3,1,0,0,0,0,1,1,0,1
1323689.3,1,0,0,0,0,1,0,0,1
1323690.3,1,0,0,0,0,1,1,0,1
1323691.3,1,0,0,0,0,1,1,0,1
1323692.3,1,0,0,0,0,1,1,0,1
1323693.3,0,1,0,0,1,1,0,0,1
1323695.3,0,0,0,0,0,1,0,0,1
1323696.3,0,0,0,0,0,1,0,0,1
1323697.3,1,0,0,0,0,1,0,0,1
1323698.3,1,0,0,0,0,1,1,0,1
1323699.3,0,0,0,0,0,1,0,0,1
1323700.3,0,0,0,0,0,1,0,0,1
1323702.3,0,0,0,0,0,1,1,0,1
1323704.3,0,0,0,0,0,1,0,0,1
1323708.3,1,0,0,0,0,1,1,0,1
1323709.3,1,0,0,0,1,1,0,0,1
1340847.3,1,0,0,0,1,1,0,0,1
1380773.3,0,1,1,0,0,1,0,0,1
1380773.4,0,1,1,0,0,1,0,0,1
1380773.5,0,0,0,0,0,0,0,0,1
1380773.6,0,1,1,0,0,1,0,0,1
1416913.4,1,0,0,0,1,0,1,1,0
218494.6,1,0,0,1,1,0,1,1,0
286604.5,0,1,1,0,0,1,0,0,1
391296.8,1,0,0,0,1,0,1,0,0
423211.3,1,0,0,0,1,0,1,1,0
568813.3,1,0,0,1,1,0,1,1,0
568814.3,1,0,0,0,1,0,1,1,0
672190.3,0,0,0,0,0,1,0,0,1
945704.3,1,0,0,0,1,0,1,1,0
993512.3,1,0,0,1,1,0,1,1,0
996306.3,1,0,0,0,1,1,0,0,1
