DATASET_GRADIENT
#In gradient datasets, each ID is associated to a single numeric value which is converted to a colored box based on the gradient defined.

#lines starting with a hash are comments and ignored during parsing

#=================================================================#
#                    MANDATORY SETTINGS                           #
#=================================================================#
#select the separator which is used to delimit the data below (TAB,SPACE or COMMA).This separator must be used throught this file.
#SEPARATOR TAB
#SEPARATOR SPACE
SEPARATOR COMMA

#label is used in the legend table (can be changed later)
DATASET_LABEL,Genome Size (Mb)

#dataset color (can be changed later)
COLOR,#ff0000

#=================================================================#
#                    OPTIONAL SETTINGS                            #
#=================================================================#

#=================================================================#
#     all other optional settings can be set or changed later     #
#           in the web interface (under 'Datasets' tab)           #
#=================================================================#


#Each dataset can have a legend, which is defined using LEGEND_XXX fields below
#For each row in the legend, there should be one shape, color and label.
#Optionally, you can define an exact legend position using LEGEND_POSITION_X and LEGEND_POSITION_Y. To use automatic legend positioning, do NOT define these values
#Optionally, shape scaling can be present (LEGEND_SHAPE_SCALES). For each shape, you can define a scaling factor between 0 and 1.
#To order legend entries horizontally instead of vertically, set LEGEND_HORIZONTAL to 1
#Shape should be a number between 1 and 12, or any protein domain shape definition.
#1: square
#2: circle
#3: star
#4: right pointing triangle
#5: left pointing triangle
#6: checkmark
#7: solid line
#8: dashed line
#9: dotted line
#10:arrow left
#11:arrow right
#12:bidirectional arrow

LEGEND_TITLE,Genome Size (Mb)
LEGEND_SCALE,0.8
#LEGEND_POSITION_X,100
#LEGEND_POSITION_Y,100
#LEGEND_HORIZONTAL,0
#LEGEND_SHAPES,1,2
#LEGEND_COLORS,#ff0000,#0000ff
#LEGEND_LABELS,1.64Mb,2.72Mb
#LEGEND_SHAPE_SCALES,1,1

#width of the gradient strip
#STRIP_WIDTH 25

#left margin, used to increase/decrease the spacing to the next dataset. Can be negative, causing datasets to overlap.
#MARGIN 0

#border width; if set above 0, a border of specified width (in pixels) will be drawn around the gradient strip
#BORDER_WIDTH 0

#border color; used when BORDER_WIDTH is above 0
#BORDER_COLOR #0000ff

#automatically create and display a legend based on the color gradient defined below
#AUTO_LEGEND 1

#define the gradient colors. Values in the dataset will be mapped onto the corresponding color gradient.
#COLOR_MIN #ff0000
#COLOR_MAX #0000ff

#you can specify a gradient with three colors (e.g red to yellow to green) by setting 'USE_MID_COLOR' to 1, and specifying the midpoint color
#USE_MID_COLOR 1
#COLOR_MID #ffff00

#always show internal values; if set, values associated to internal nodes will be displayed even if these nodes are not collapsed. It could cause overlapping in the dataset display.
#SHOW_INTERNAL 1

#display or hide the dataset label above the gradient strip
#SHOW_LABELS 1

#text label size factor
#SIZE_FACTOR 1

#text label rotation
#LABEL_ROTATION 0

#text label shift in pixels (positive or negative)
#LABEL_SHIFT 0

#align the dataset label to the tree circle; only applies in circular display mode
#LABEL_ALIGN_TO_TREE,0

#Internal tree nodes can be specified using IDs directly, or using the 'last common ancestor' method described in iTOL help pages
#=================================================================#
#       Actual data follows after the "DATA" keyword              #
#=================================================================#
#only numeric values are required for each ID, custom labels can be optionally provided as the second field (shown when SHOW_LABELS is set to 1) 
DATA
1004951.3,2.034321
1004952.3,2.183059
1005041.3,2.096866
1005042.3,2.177656
1007064.3,2.028815
1184252.3,1.980887
1214148.3,2.03893
1214149.3,2.061095
1214150.3,2.267209
1214151.3,2.146876
1214151.4,2.269217
1214152.3,2.196433
1214153.3,1.986468
1214154.3,1.98353
1214155.3,2.221173
1214156.3,2.067501
1214157.3,2.196795
1214158.3,2.47816
1214159.3,1.961245
1214160.3,2.014601
1214161.3,2.223157
1214162.3,2.326904
1214163.3,2.316308
1214164.3,2.290077
1214165.3,1.949566
1214166.3,2.110166
1214167.3,2.34792
1214168.3,2.272254
1214169.3,2.16808
1214170.3,2.333365
1214171.3,2.126129
1214172.3,2.176728
1214173.3,2.458463
1214174.3,2.161642
1214175.3,2.354277
1214176.3,2.016612
1214177.3,2.305975
1214178.3,2.303896
1214179.3,2.248271
1214179.4,2.29236
1214180.3,2.166271
1214181.3,1.882238
1214182.3,2.059028
1214183.3,2.079568
1214184.3,2.024653
1214185.3,2.030247
1214186.3,2.220465
1214187.3,2.078538
1214188.3,2.171522
1214189.3,2.329305
1214190.3,2.337682
1214191.3,2.108797
1214192.3,2.468784
1214193.3,2.345875
1214194.3,2.107121
1214195.3,2.425285
1214196.3,2.169028
1214197.3,2.22714
1214198.3,2.374691
1214199.3,2.3201
1214200.3,2.239881
1214201.3,2.109598
1214202.3,2.051799
1214203.3,2.207162
1214204.3,2.426659
1214205.3,2.40826
1214206.3,2.417207
1214207.3,2.207429
1214208.3,2.314792
1214209.3,2.23011
1214210.3,2.517911
1214211.3,2.200795
1214212.3,2.038842
1214213.3,2.066668
1214214.3,2.059616
1214215.3,2.180552
1214216.3,2.351085
1214217.3,2.359651
1214218.3,2.466351
1214219.3,2.26225
1246365.4,2.138568
1276647.3,2.038146
1307.100,2.10967
1307.101,2.04354
1307.102,2.101261
1307.103,2.15228
1307.104,2.048301
1307.105,2.016662
1307.106,2.331329
1307.107,2.049742
1307.108,2.313982
1307.109,2.051787
1307.110,2.064871
1307.111,2.048027
1307.112,1.969334
1307.113,2.052904
1307.114,2.059579
1307.115,2.107619
1307.116,2.123326
1307.117,2.088808
1307.1317,2.146151
1307.1318,2.048421
1307.1319,2.401906
1307.1323,2.142184
1307.1363,2.057126
1307.1366,2.024981
1307.1367,2.102479
1307.1369,2.124626
1307.1370,2.183006
1307.1374,2.025589
1307.1377,2.218534
1307.1378,2.036428
1307.1379,2.097923
1307.1386,2.154541
1307.1387,2.098464
1307.1393,2.231147
1307.1394,2.09442
1307.1398,2.048391
1307.1402,2.189702
1307.1403,2.276471
1307.1408,2.050333
1307.1409,2.053836
1307.1410,2.278391
1307.1413,2.04831
1307.1414,2.04799
1307.1417,2.0972
1307.1423,2.098583
1307.1429,2.037195
1307.1430,2.091169
1307.1431,2.14326
1307.1432,2.048004
1307.1434,2.341754
1307.1438,2.322861
1307.1439,2.337619
1307.1441,2.236975
1307.1444,2.043903
1307.1448,2.174179
1307.1449,2.036249
1307.1453,2.278312
1307.1455,2.011784
1307.1462,2.037505
1307.1463,2.101112
1307.1464,2.084322
1307.1465,2.022168
1307.1466,2.014342
1307.1467,2.035803
1307.1468,2.048685
1307.1469,2.177188
1307.1470,2.314163
1307.1471,2.237033
1307.1472,2.175868
1307.1473,2.101724
1307.1474,2.148485
1307.1475,2.283851
1307.1476,2.146325
1307.1477,2.098831
1307.1478,2.264256
1307.1479,1.992179
1307.1480,2.068961
1307.1481,2.051823
1307.1482,2.274346
1307.1483,2.019372
1307.1484,2.252496
1307.1485,2.322481
1307.1486,2.03887
1307.1487,2.325585
1307.1488,2.20625
1307.1489,2.224545
1307.1490,2.150451
1307.1491,2.047421
1307.1492,2.108742
1307.1493,2.208315
1307.1494,2.046157
1307.1495,2.055336
1307.1496,2.07425
1307.1497,2.313086
1307.1498,2.05209
1307.1499,2.28142
1307.1500,2.323807
1307.1501,2.217391
1307.1502,1.977518
1307.1503,2.320504
1307.1504,2.339138
1307.1505,1.98311
1307.1506,2.042468
1307.1507,2.157136
1307.1508,2.009022
1307.1509,2.057428
1307.1510,1.969756
1307.1511,2.15529
1307.1512,2.114413
1307.1513,1.98877
1307.1514,1.984985
1307.1515,2.154544
1307.1516,2.083432
1307.1517,2.202343
1307.1518,1.993612
1307.1519,2.048581
1307.1520,2.047621
1307.1521,2.105336
1307.1522,2.176017
1307.1523,1.982124
1307.1530,2.131882
1307.1531,2.073313
1307.1539,2.561645
1307.1540,2.09403
1307.1587,2.095966
1307.1634,2.207658
1307.1635,2.067932
1307.1643,1.818461
1307.1644,1.717985
1307.1645,1.719604
1307.1646,2.03649
1307.1650,1.777828
1307.1651,1.922619
1307.1652,1.855987
1307.1655,2.137649
1307.1656,2.24735
1307.1664,2.538894
1307.1665,2.404013
1307.1666,2.719245
1307.173,2.156705
1307.179,2.146621
1307.1804,2.382998
1307.1806,2.345129
1307.1807,2.3295
1307.1809,2.508927
1307.1811,2.4992
1307.1812,2.475934
1307.1817,2.22835
1307.1819,2.217552
1307.1820,2.119369
1307.1821,2.272292
1307.1822,2.169392
1307.1823,2.413732
1307.1824,2.283202
1307.1825,2.096121
1307.1827,2.282977
1307.1828,2.163217
1307.1829,2.200516
1307.1831,2.482817
1307.1835,2.138431
1307.1836,2.463761
1307.1837,2.369025
1307.1838,2.45381
1307.1839,2.125601
1307.1840,2.20921
1307.1841,2.206212
1307.1842,2.151262
1307.1844,2.283235
1307.1845,2.197764
1307.1847,2.195766
1307.1848,2.193608
1307.1849,2.208397
1307.1854,2.108546
1307.1855,2.24205
1307.1857,2.532788
1307.1858,2.223431
1307.1859,2.513137
1307.1860,2.233461
1307.1861,2.331883
1307.1862,2.334145
1307.1863,2.230388
1307.1866,2.196845
1307.1867,2.231792
1307.1868,2.302722
1307.1871,2.286614
1307.1872,2.187277
1307.1873,2.195617
1307.1874,2.346107
1307.1875,2.367282
1307.1876,2.36116
1307.1878,2.427439
1307.1879,2.184323
1307.1884,2.257546
1307.1885,2.426226
1307.1886,2.235071
1307.1887,2.249446
1307.1888,2.430779
1307.1889,2.433323
1307.189,2.221576
1307.1890,2.425767
1307.1891,2.4264
1307.1892,2.227345
1307.1893,2.242729
1307.1894,2.202094
1307.1895,2.503958
1307.1896,2.453736
1307.1897,2.388099
1307.1898,2.203601
1307.1899,2.488071
1307.1900,2.216477
1307.1901,2.243359
1307.1903,2.260988
1307.1904,2.18967
1307.1905,2.268678
1307.1906,2.211421
1307.1907,2.215551
1307.1908,2.172707
1307.1910,2.309244
1307.1911,2.308197
1307.1913,2.308116
1307.1914,2.149909
1307.1915,2.485004
1307.1917,2.216734
1307.1919,2.342116
1307.1920,2.551821
1307.1921,2.538264
1307.1922,2.23187
1307.1923,2.146745
1307.1924,2.40907
1307.1925,2.344991
1307.1926,2.107226
1307.1927,2.518691
1307.1928,2.190856
1307.1929,2.166272
1307.1930,2.447614
1307.1931,2.136928
1307.1932,2.136992
1307.1937,2.368152
1307.1938,2.117081
1307.1940,2.642758
1307.1942,2.243498
1307.1943,2.229116
1307.1944,2.23027
1307.1945,2.371221
1307.1946,2.242463
1307.1947,2.230513
1307.1948,2.263446
1307.1950,2.395348
1307.1951,2.087001
1307.1953,2.082711
1307.1955,2.356035
1307.1956,2.119283
1307.1958,2.207294
1307.1959,2.436436
1307.1960,2.43699
1307.1961,2.209663
1307.1962,2.426764
1307.1963,2.218565
1307.1964,2.536527
1307.1965,2.307548
1307.1966,2.308084
1307.1967,2.308605
1307.1969,2.30918
1307.1971,2.102124
1307.1972,2.248856
1307.1973,2.48565
1307.1974,2.419804
1307.1976,2.326708
1307.1977,2.339701
1307.1978,2.35615
1307.1979,2.551865
1307.1981,2.233307
1307.1982,2.23326
1307.1985,2.235043
1307.1986,2.250617
1307.1987,2.211557
1307.1988,2.633408
1307.1990,2.265246
1307.1991,2.212187
1307.1992,2.453908
1307.1993,2.218889
1307.1994,2.339436
1307.1995,2.492084
1307.1996,2.221938
1307.1997,2.218111
1307.1998,2.253424
1307.1999,2.157145
1307.2000,2.185243
1307.2001,2.188352
1307.2002,2.186692
1307.2003,2.327677
1307.2004,2.151786
1307.2005,2.181754
1307.2007,2.194147
1307.2008,2.172119
1307.2009,2.32683
1307.2012,2.348605
1307.2013,2.408589
1307.2014,2.49785
1307.2016,2.187171
1307.2017,2.104063
1307.2018,2.105195
1307.2019,2.146201
1307.2020,2.147658
1307.2021,2.145111
1307.2022,2.143796
1307.2023,2.185487
1307.2024,2.182588
1307.2025,2.144916
1307.2026,2.189561
1307.2027,2.267099
1307.2028,2.059594
1307.2029,2.086914
1307.2030,2.092682
1307.2031,2.046813
1307.2032,2.042743
1307.2033,2.039153
1307.2035,2.090965
1307.2043,2.217476
1307.2044,2.13842
1307.2045,2.228089
1307.2046,2.243598
1307.2047,1.984375
1307.205,2.267256
1307.2081,2.229183
1307.2082,2.214693
1307.210,2.059295
1307.2117,2.458255
1307.2118,2.344245
1307.2119,2.254559
1307.212,2.04745
1307.2120,1.894451
1307.2121,1.89352
1307.2122,2.079888
1307.2123,1.912461
1307.2124,2.13545
1307.2125,2.504491
1307.2126,2.122156
1307.2127,1.881239
1307.2128,1.968146
1307.2129,2.127065
1307.213,2.047724
1307.2130,2.340449
1307.2131,2.075657
1307.2132,1.878848
1307.2133,2.068343
1307.2134,1.912627
1307.2135,2.060338
1307.214,2.13365
1307.215,2.046767
1307.216,2.041787
1307.217,2.047843
1307.218,2.08453
1307.219,2.084152
1307.220,2.058575
1307.221,2.221826
1307.2217,2.283286
1307.2218,2.166845
1307.2219,2.123795
1307.222,2.058201
1307.2220,2.384294
1307.2221,2.249994
1307.2222,2.217029
1307.2223,2.20858
1307.2224,2.011091
1307.2225,2.070644
1307.223,2.108957
1307.224,2.095385
1307.225,2.064162
1307.226,2.228558
1307.227,2.051971
1307.228,2.057664
1307.229,2.170577
1307.230,2.059904
1307.231,2.116694
1307.232,2.12414
1307.233,2.041996
1307.234,2.037743
1307.235,2.158876
1307.236,2.05865
1307.237,2.07001
1307.238,2.112976
1307.239,2.058912
1307.240,2.050395
1307.2404,2.066888
1307.2405,2.583345
1307.2406,2.17169
1307.2407,2.06236
1307.2408,2.045676
1307.2409,2.073128
1307.241,2.243917
1307.2410,2.05304
1307.2411,2.03134
1307.2412,2.174531
1307.2413,2.122981
1307.2414,2.074467
1307.2415,2.084935
1307.2416,2.092054
1307.2417,2.059665
1307.242,2.081582
1307.243,2.036308
1307.2433,2.089171
1307.244,2.048571
1307.2446,2.019868
1307.2448,2.292626
1307.2449,2.189829
1307.245,2.169904
1307.2450,2.042889
1307.2451,2.143438
1307.2452,2.120082
1307.246,2.046664
1307.247,2.076879
1307.248,2.476694
1307.249,2.12427
1307.250,2.141609
1307.251,2.09241
1307.252,2.043456
1307.253,2.053282
1307.254,2.072749
1307.2542,2.148541
1307.2543,2.125874
1307.2544,2.125628
1307.2545,2.125974
1307.255,2.182499
1307.2558,2.134732
1307.2559,2.202261
1307.256,2.064138
1307.2560,2.127996
1307.2561,2.17213
1307.2562,2.174715
1307.2563,2.100921
1307.2564,2.126119
1307.2565,2.118698
1307.2566,2.115933
1307.2567,2.169939
1307.2568,2.134318
1307.2569,2.174199
1307.257,2.058922
1307.2570,2.106453
1307.2571,2.203902
1307.2572,2.125348
1307.2573,2.140766
1307.2574,2.173927
1307.2575,2.136492
1307.2576,2.184156
1307.2577,2.184386
1307.2578,2.172877
1307.2579,2.134975
1307.258,2.371388
1307.2580,2.130365
1307.2581,2.085151
1307.2582,2.18782
1307.2583,2.204988
1307.2584,2.136638
1307.2585,2.088947
1307.2586,2.186415
1307.2587,2.133581
1307.2588,2.1727
1307.2589,2.138144
1307.259,1.981187
1307.2590,2.092796
1307.2591,2.17478
1307.2592,2.127898
1307.2593,2.087062
1307.2594,2.122438
1307.2595,2.174399
1307.2596,2.1207
1307.2597,2.124046
1307.2598,2.173918
1307.2599,2.134922
1307.260,2.008383
1307.2600,2.128479
1307.2601,2.122381
1307.2602,2.131333
1307.2603,2.180608
1307.2604,2.167301
1307.2605,2.087595
1307.2606,2.173
1307.2607,2.127552
1307.261,2.04743
1307.262,2.037055
1307.263,2.037794
1307.2632,2.224622
1307.2633,2.254971
1307.264,2.094343
1307.265,2.168004
1307.266,2.08429
1307.267,2.099942
1307.2673,2.495603
1307.2674,2.363198
1307.2675,2.414852
1307.2676,2.426651
1307.2677,2.29132
1307.2678,2.063442
1307.2679,2.300209
1307.268,2.078773
1307.2680,2.208264
1307.2681,2.114046
1307.2682,2.340816
1307.2683,2.242745
1307.2684,2.291897
1307.2685,2.237896
1307.2686,2.425376
1307.2687,2.063442
1307.2688,2.495067
1307.269,2.129278
1307.2690,2.23074
1307.2691,2.11441
1307.2692,2.44308
1307.2693,2.275545
1307.2694,2.273763
1307.2695,2.117774
1307.2696,2.115055
1307.2697,2.019385
1307.270,2.039088
1307.271,2.071348
1307.272,2.12415
1307.273,2.062545
1307.274,2.064694
1307.275,2.162522
1307.276,2.121804
1307.2766,2.291897
1307.2767,2.424107
1307.2768,2.429563
1307.2769,2.339061
1307.277,2.040136
1307.2770,2.017157
1307.2771,2.53999
1307.2772,2.262668
1307.2773,2.394983
1307.2774,2.427829
1307.2775,2.291897
1307.2776,2.378365
1307.2777,2.541257
1307.2778,2.254971
1307.2779,2.387564
1307.278,2.049328
1307.2780,2.01737
1307.2781,2.231316
1307.2782,2.224201
1307.2783,2.262327
1307.2784,2.344494
1307.2785,2.165254
1307.2786,2.495603
1307.2787,2.45757
1307.279,2.186579
1307.2790,2.205763
1307.2791,2.104136
1307.2792,2.109137
1307.2793,2.058874
1307.2794,2.090472
1307.2795,2.092293
1307.2796,2.071276
1307.280,2.07718
1307.281,2.122351
1307.282,2.088114
1307.283,2.047323
1307.284,2.146763
1307.2840,2.073988
1307.2841,2.253996
1307.2842,2.063877
1307.2843,2.222543
1307.2844,2.168368
1307.2845,2.182487
1307.285,2.046091
1307.286,2.042399
1307.287,2.048546
1307.288,2.223066
1307.289,2.052804
1307.290,2.176851
1307.291,2.0464
1307.292,2.03628
1307.293,2.047939
1307.294,2.059442
1307.295,2.045508
1307.296,2.093013
1307.297,2.09603
1307.298,2.051669
1307.299,2.053314
1307.300,2.010441
1307.3009,2.127449
1307.301,2.053701
1307.3010,2.319795
1307.302,2.050996
1307.303,2.020176
1307.3032,2.172677
1307.3033,2.182685
1307.3034,2.042887
1307.3035,2.462284
1307.3036,2.505457
1307.3037,2.115437
1307.3038,2.555265
1307.304,2.057183
1307.305,2.055482
1307.306,2.033803
1307.307,2.195629
1307.3078,2.495947
1307.3079,2.14481
1307.308,2.037384
1307.309,2.165146
1307.3098,2.137011
1307.3099,2.028634
1307.310,2.077464
1307.3100,2.125991
1307.3101,2.018312
1307.3102,2.115045
1307.3103,2.133833
1307.3104,2.124502
1307.3105,2.009444
1307.3106,2.126041
1307.3107,2.149882
1307.3108,2.050165
1307.3109,2.126182
1307.311,2.122216
1307.3110,2.126931
1307.3111,2.12358
1307.3112,2.096721
1307.3113,2.125179
1307.3114,2.122097
1307.3115,2.061686
1307.3116,2.03244
1307.3117,2.047325
1307.3118,2.033585
1307.3119,2.167812
1307.312,2.048485
1307.3120,1.977136
1307.3121,2.065284
1307.3122,2.098185
1307.3123,2.142251
1307.3124,2.066827
1307.3125,2.056338
1307.3126,2.032686
1307.3127,2.026076
1307.3128,2.028154
1307.3129,2.024929
1307.313,2.194593
1307.3130,2.027863
1307.3131,2.080779
1307.3132,2.024729
1307.3133,2.026728
1307.3134,2.023924
1307.3135,2.0254
1307.3136,2.025414
1307.3137,2.027778
1307.3138,2.024537
1307.3139,2.032448
1307.314,2.083838
1307.3140,2.107206
1307.3141,2.063477
1307.3142,2.133201
1307.3143,2.116464
1307.3144,2.164113
1307.3145,2.108905
1307.3146,2.03062
1307.3147,2.052242
1307.3148,2.111646
1307.3149,2.067219
1307.315,2.037027
1307.3150,2.110963
1307.3151,2.146381
1307.3152,2.055366
1307.3153,2.100293
1307.3154,2.116213
1307.3155,2.129508
1307.3156,2.111464
1307.3157,2.173505
1307.3158,2.162994
1307.3159,2.066918
1307.316,2.037635
1307.3160,2.165179
1307.3161,2.108708
1307.3162,2.035577
1307.3163,2.025583
1307.3164,2.112537
1307.3165,2.095879
1307.3166,2.141746
1307.3167,2.099479
1307.3168,2.087761
1307.3169,2.021827
1307.317,2.290007
1307.3170,2.045626
1307.3171,2.025966
1307.3172,2.035319
1307.3173,2.023567
1307.3174,2.450204
1307.3175,2.084647
1307.318,2.272857
1307.319,2.082958
1307.320,2.218398
1307.321,2.083112
1307.322,2.189826
1307.323,2.070391
1307.324,2.027771
1307.325,2.041418
1307.326,2.037037
1307.327,2.242229
1307.328,2.057843
1307.329,2.059094
1307.330,2.049036
1307.331,2.090648
1307.332,2.059229
1307.333,2.057762
1307.334,2.059212
1307.335,2.423343
1307.336,2.0605
1307.337,2.038368
1307.338,2.070549
1307.339,2.053668
1307.340,2.058977
1307.341,2.066755
1307.342,2.052874
1307.3420,2.138155
1307.3421,2.106098
1307.3422,2.169264
1307.3423,2.306489
1307.3424,2.155738
1307.3425,2.086923
1307.3426,2.264242
1307.3427,2.116355
1307.3428,2.284748
1307.3429,2.244285
1307.343,2.218936
1307.3430,2.120199
1307.3431,2.121628
1307.3432,2.129515
1307.3433,2.118906
1307.3434,2.087502
1307.3435,2.127771
1307.3436,2.118288
1307.3437,2.086477
1307.3438,2.463348
1307.3439,2.045422
1307.344,2.042067
1307.3440,2.315617
1307.3441,2.202969
1307.3442,2.202891
1307.3443,2.245536
1307.3444,2.130993
1307.3445,2.328908
1307.3446,2.373878
1307.3447,2.160918
1307.3448,2.091422
1307.3449,2.217029
1307.345,2.160806
1307.3450,2.084599
1307.3451,2.39893
1307.3452,2.356914
1307.3453,2.310078
1307.3454,2.235118
1307.346,2.054223
1307.347,2.429653
1307.3476,2.328375
1307.3477,2.440827
1307.348,2.150481
1307.3484,2.216595
1307.3485,2.129697
1307.3486,2.450624
1307.3487,2.17191
1307.3488,2.166097
1307.3489,2.327021
1307.349,2.040243
1307.3490,2.180114
1307.3491,2.208088
1307.3492,2.32991
1307.3493,2.18783
1307.3494,2.231773
1307.3495,2.290077
1307.3496,2.183867
1307.3497,2.185895
1307.3498,2.162601
1307.3499,2.103284
1307.350,2.176984
1307.3500,1.952922
1307.3501,2.003568
1307.3502,1.962244
1307.3503,1.968626
1307.3504,1.963689
1307.3505,1.950649
1307.3506,1.960716
1307.3507,1.970362
1307.3508,2.029291
1307.3509,2.083364
1307.351,2.038172
1307.352,2.016146
1307.353,2.194955
1307.354,2.042075
1307.3544,2.280173
1307.3545,2.173763
1307.3546,2.041684
1307.3547,2.113648
1307.3548,2.014486
1307.3549,2.097318
1307.355,2.048404
1307.3550,2.112001
1307.3551,2.112404
1307.3552,2.096774
1307.3553,2.113308
1307.3554,2.15263
1307.3555,2.062458
1307.3556,2.025367
1307.3557,2.069108
1307.3558,2.113089
1307.3559,1.981544
1307.356,2.281871
1307.3560,2.035681
1307.3561,2.096513
1307.3562,2.11065
1307.3563,2.105212
1307.3564,2.151982
1307.3565,2.061866
1307.3566,2.059354
1307.3567,2.061733
1307.3568,2.206802
1307.3569,2.148793
1307.357,2.203334
1307.3570,2.024856
1307.3571,2.097318
1307.3572,2.064194
1307.3573,2.025626
1307.3574,2.062906
1307.3575,2.076594
1307.3576,2.062696
1307.3577,2.063155
1307.3578,2.119303
1307.3579,2.054887
1307.358,2.052851
1307.3580,2.063161
1307.3581,2.016117
1307.3582,2.052385
1307.3583,2.041789
1307.3584,2.148797
1307.3585,2.029807
1307.3586,2.149235
1307.3587,2.034499
1307.3588,2.063168
1307.3589,2.025459
1307.359,2.036453
1307.3590,2.097461
1307.3591,1.945512
1307.3592,2.061881
1307.3593,2.088736
1307.3594,2.150785
1307.3595,2.0395
1307.3596,2.016117
1307.3597,2.206909
1307.3598,2.023373
1307.3599,2.054032
1307.360,2.009547
1307.3600,2.160139
1307.3601,2.062027
1307.361,2.194989
1307.362,2.053355
1307.363,2.210623
1307.364,2.041904
1307.365,2.025775
1307.366,2.032407
1307.3663,2.12414
1307.3664,2.124017
1307.3665,2.088172
1307.3666,2.113359
1307.3667,2.125932
1307.3668,2.123712
1307.3669,2.112784
1307.367,2.053607
1307.3670,2.12055
1307.3671,2.169193
1307.368,2.096399
1307.369,2.063358
1307.370,2.05057
1307.371,2.048127
1307.372,2.103805
1307.373,2.042913
1307.374,2.063411
1307.3747,2.128215
1307.375,2.163097
1307.376,2.288952
1307.377,2.037234
1307.378,2.064976
1307.379,2.088748
1307.380,2.058183
1307.381,2.122978
1307.382,2.06994
1307.383,2.005261
1307.384,2.252285
1307.385,2.064604
1307.386,2.345868
1307.387,2.100339
1307.388,2.260374
1307.389,2.39794
1307.390,2.082079
1307.3903,2.247638
1307.3904,2.074511
1307.3905,2.474376
1307.3906,2.386043
1307.3907,2.13771
1307.3908,2.474881
1307.3909,2.214856
1307.391,2.158756
1307.3910,2.26397
1307.3911,2.116662
1307.3912,2.359901
1307.3913,2.448312
1307.3914,2.368338
1307.3915,2.494537
1307.3916,2.370588
1307.3917,2.361421
1307.3918,2.451271
1307.3919,2.390843
1307.392,2.051392
1307.3920,2.370319
1307.3921,2.3779
1307.3922,2.302501
1307.3923,2.492379
1307.3924,2.446758
1307.3925,2.438734
1307.3926,2.50258
1307.3927,2.200267
1307.3928,2.307245
1307.3929,2.431636
1307.393,2.036809
1307.3930,2.445664
1307.3931,2.166845
1307.3932,2.232514
1307.3933,2.095587
1307.3934,2.370834
1307.3935,2.375776
1307.3936,2.384294
1307.3937,2.258893
1307.3938,2.212584
1307.3939,2.167367
1307.394,2.082933
1307.3940,2.449728
1307.3941,2.36784
1307.3942,2.47907
1307.3943,2.126176
1307.3944,2.125617
1307.3945,2.269695
1307.3946,2.179024
1307.3948,2.065481
1307.3949,2.061041
1307.395,2.030666
1307.3950,2.060676
1307.3951,2.062921
1307.3952,2.561054
1307.3953,2.063473
1307.3954,2.137458
1307.396,2.042375
1307.397,2.048449
1307.398,2.125748
1307.399,2.158431
1307.400,2.0642
1307.401,2.115498
1307.402,2.123176
1307.403,2.123493
1307.404,2.15684
1307.405,2.116212
1307.406,2.042342
1307.407,2.046326
1307.408,2.113596
1307.409,2.156506
1307.410,2.096394
1307.411,2.156107
1307.412,2.03051
1307.413,2.035641
1307.4133,2.388171
1307.4134,2.247317
1307.4135,2.059616
1307.4136,2.244587
1307.4137,2.249145
1307.4138,2.288569
1307.4139,2.35
1307.414,2.123469
1307.4140,2.257776
1307.4141,2.265928
1307.4142,2.233113
1307.4143,2.266052
1307.4144,2.267275
1307.4145,2.35962
1307.4146,1.985146
1307.4147,2.323814
1307.4148,2.281034
1307.4149,2.288637
1307.415,1.967612
1307.4150,2.03203
1307.4151,2.296395
1307.4152,2.140815
1307.4153,2.503028
1307.4154,2.091196
1307.4155,2.108941
1307.4156,2.200114
1307.4157,2.109277
1307.4158,2.044439
1307.4159,2.182052
1307.416,2.164757
1307.4160,2.037985
1307.4161,2.043247
1307.4162,2.21717
1307.4163,2.235033
1307.4164,2.193212
1307.4165,2.106631
1307.4166,2.099173
1307.4167,2.098524
1307.4168,2.014391
1307.4169,2.049778
1307.417,2.120432
1307.4170,2.080627
1307.4171,2.118254
1307.4172,2.050671
1307.4173,2.003456
1307.4174,2.092222
1307.4175,2.161217
1307.4176,2.026536
1307.4177,2.072971
1307.4178,2.126534
1307.4179,2.116467
1307.418,2.059908
1307.4180,2.10376
1307.4181,2.007169
1307.4182,2.116233
1307.4183,2.041474
1307.4184,2.061201
1307.4185,2.074857
1307.4186,2.048515
1307.4187,2.236787
1307.4188,2.121315
1307.4189,2.238823
1307.419,2.04226
1307.4190,2.24086
1307.4191,2.322042
1307.4192,2.021537
1307.4193,2.231391
1307.4194,2.354822
1307.4195,2.163068
1307.4196,2.081614
1307.4198,2.12199
1307.4199,1.965446
1307.420,2.037774
1307.421,2.03501
1307.422,2.083484
1307.423,2.063011
1307.424,2.062915
1307.425,1.957531
1307.426,2.210287
1307.427,2.267645
1307.428,2.060332
1307.429,2.04285
1307.430,2.080956
1307.431,2.073589
1307.432,2.145858
1307.433,2.057441
1307.434,2.181727
1307.435,2.291285
1307.436,2.050386
1307.437,2.059635
1307.438,2.165882
1307.439,2.041674
1307.440,2.042262
1307.441,2.426884
1307.442,2.07726
1307.443,2.1322
1307.444,2.068319
1307.445,2.037005
1307.446,2.056067
1307.447,2.279828
1307.448,2.055323
1307.449,2.04783
1307.450,2.059457
1307.451,2.388937
1307.452,2.082983
1307.453,2.046967
1307.454,2.065628
1307.455,2.038792
1307.456,2.092364
1307.457,2.036138
1307.458,2.129208
1307.459,2.15415
1307.460,2.076583
1307.461,2.036769
1307.462,2.085151
1307.463,2.036848
1307.464,2.048142
1307.465,1.974848
1307.466,2.255345
1307.467,2.112543
1307.468,2.075229
1307.469,2.058425
1307.470,2.102356
1307.471,2.056202
1307.472,2.25935
1307.473,2.619615
1307.474,2.102076
1307.476,2.094898
1307.477,1.974822
1307.478,2.038382
1307.479,2.08276
1307.480,2.070196
1307.481,2.037834
1307.482,2.053438
1307.483,2.036342
1307.4836,2.340662
1307.484,2.169433
1307.485,2.053414
1307.487,2.058853
1307.4877,2.217842
1307.4878,2.067905
1307.4879,2.260423
1307.488,2.052039
1307.4880,2.107195
1307.4881,2.104788
1307.4882,2.172772
1307.4883,1.98734
1307.4884,2.119854
1307.4885,2.06272
1307.4886,2.229486
1307.4887,2.061432
1307.4888,2.045383
1307.4889,2.122845
1307.489,1.987344
1307.4890,2.090262
1307.4891,2.05563
1307.4892,2.086499
1307.4893,2.044138
1307.4894,2.116417
1307.4895,2.10998
1307.4896,2.061937
1307.4897,2.095931
1307.4898,2.080185
1307.4899,2.054523
1307.490,2.176754
1307.4900,2.049758
1307.4901,2.063475
1307.4902,2.049904
1307.4903,2.09642
1307.4904,2.047871
1307.4905,2.063194
1307.4906,2.044099
1307.4907,2.036044
1307.4908,2.131517
1307.4909,2.067457
1307.491,2.064502
1307.4910,2.083781
1307.4911,2.10932
1307.4912,2.064857
1307.4913,2.116756
1307.4914,2.061374
1307.4915,2.102756
1307.4916,2.10143
1307.4917,2.072418
1307.4918,2.059776
1307.4919,2.061717
1307.492,2.107942
1307.4920,1.966028
1307.4921,2.07188
1307.4922,2.040563
1307.4923,2.073985
1307.4924,2.068479
1307.4925,2.061264
1307.4926,2.041522
1307.4927,2.075608
1307.4928,2.05609
1307.4929,2.032062
1307.493,2.052549
1307.4930,2.025373
1307.4931,2.057862
1307.4932,2.049789
1307.4933,2.049155
1307.4934,2.12078
1307.4935,2.038207
1307.4936,2.070669
1307.4937,2.062285
1307.4938,2.037579
1307.4939,2.04274
1307.4940,2.050582
1307.4941,2.122964
1307.4942,2.041907
1307.4943,2.113221
1307.4944,2.064395
1307.4945,2.061319
1307.4946,2.062726
1307.4947,2.082655
1307.4948,2.067894
1307.4949,2.121347
1307.495,2.122158
1307.4950,2.121095
1307.4951,2.061463
1307.4952,2.030545
1307.4953,2.084307
1307.4954,2.118298
1307.4955,2.051315
1307.4956,2.088386
1307.4957,2.064418
1307.4958,2.03594
1307.4959,2.045791
1307.496,2.053333
1307.4960,2.035297
1307.4961,2.095546
1307.4962,2.105834
1307.4963,2.063946
1307.4964,2.048926
1307.4965,2.059986
1307.4966,2.119812
1307.4967,2.091984
1307.4968,2.042085
1307.4969,2.140353
1307.497,2.038378
1307.4970,2.063081
1307.4971,2.099947
1307.4972,2.126662
1307.4973,2.06184
1307.4974,2.103252
1307.4975,2.060583
1307.4976,2.086898
1307.4977,2.121627
1307.4979,2.175624
1307.498,2.031364
1307.4980,2.17669
1307.4981,2.17131
1307.4982,2.208749
1307.4983,2.241817
1307.4984,2.228239
1307.4985,2.128629
1307.4986,2.254694
1307.4987,2.150144
1307.4988,2.257578
1307.4989,2.273036
1307.499,2.069989
1307.4990,2.119771
1307.4991,2.229061
1307.4992,2.179252
1307.4993,2.230812
1307.4994,2.278797
1307.4995,2.218295
1307.4996,2.206703
1307.4997,2.396274
1307.4998,2.192189
1307.4999,2.13812
1307.500,2.165675
1307.5000,2.18948
1307.5001,2.182147
1307.5002,2.217193
1307.5003,2.064597
1307.5004,2.075957
1307.5005,2.219048
1307.5006,2.12146
1307.5007,2.123617
1307.5008,2.045363
1307.5009,2.041656
1307.501,2.056988
1307.5010,2.069014
1307.5011,2.157789
1307.5012,2.026249
1307.5021,2.364933
1307.5022,2.150142
1307.5023,2.181858
1307.5024,2.281215
1307.5025,2.058081
1307.5026,2.270366
1307.5027,2.179626
1307.5028,2.355695
1307.5029,2.194545
1307.503,1.969358
1307.5030,2.220453
1307.5031,2.235829
1307.5032,2.219026
1307.5033,2.102464
1307.5034,2.288115
1307.5035,2.284674
1307.5036,2.277929
1307.5037,2.295868
1307.5038,2.237546
1307.5039,2.116105
1307.504,2.107868
1307.5040,2.220852
1307.5041,2.114336
1307.5042,2.11056
1307.5043,2.112828
1307.5044,2.146775
1307.5045,2.109883
1307.5046,2.293524
1307.5047,2.034106
1307.5048,2.170555
1307.5049,2.035572
1307.505,2.037061
1307.5050,2.112886
1307.5051,2.203566
1307.5052,2.179653
1307.5053,2.113245
1307.5054,2.069033
1307.5055,2.063516
1307.5056,2.179595
1307.5057,2.062362
1307.5058,2.113334
1307.5059,2.100833
1307.506,2.047786
1307.5060,2.062687
1307.5061,2.113345
1307.5062,2.062021
1307.5063,2.11922
1307.5064,2.122996
1307.5065,2.126311
1307.5066,2.228509
1307.5067,2.06783
1307.5068,2.069533
1307.5069,2.113016
1307.507,2.041752
1307.5070,2.044271
1307.5071,2.034649
1307.5072,2.067225
1307.5073,2.066793
1307.5074,2.113203
1307.5075,2.117529
1307.5076,2.112989
1307.5077,2.193553
1307.5078,2.016951
1307.5079,2.114586
1307.5080,2.027983
1307.5081,2.146905
1307.5082,2.113615
1307.5083,2.113529
1307.5084,2.114069
1307.5085,2.113092
1307.5086,2.113749
1307.5087,2.063355
1307.5088,2.159889
1307.5089,2.113435
1307.5090,2.113935
1307.5091,2.062562
1307.5092,2.11414
1307.5093,2.060628
1307.5094,2.113706
1307.5095,2.14244
1307.5096,2.115053
1307.512,2.060105
1307.5123,2.054091
1307.5124,2.061434
1307.5125,2.108355
1307.5126,2.074486
1307.5127,2.119326
1307.5128,2.368195
1307.5129,2.056478
1307.513,1.997266
1307.5130,2.114853
1307.5131,2.173846
1307.515,2.059709
1307.516,2.22268
1307.517,1.982724
1307.519,2.06459
1307.5293,2.135543
1307.5294,2.119132
1307.5295,2.302727
1307.5296,2.082348
1307.5297,2.062372
1307.5298,2.07869
1307.5299,2.319656
1307.5300,2.168344
1307.5301,2.101733
1307.5302,2.097193
1307.5303,2.115093
1307.5304,2.120076
1307.5305,2.11308
1307.5306,2.154219
1307.5307,2.211005
1307.5308,2.211448
1307.5309,2.113718
1307.5310,2.137764
1307.5311,2.155955
1307.5312,2.064221
1307.5313,2.109088
1307.5314,2.108729
1307.5315,2.113137
1307.5316,2.204562
1307.5317,2.143828
1307.5318,2.186287
1307.5319,2.143875
1307.5320,2.187813
1307.5321,2.191377
1307.5322,2.294481
1307.5323,2.115289
1307.5324,2.187504
1307.5325,2.254211
1307.5326,2.113204
1307.5327,2.143112
1307.5328,2.192187
1307.5329,2.063169
1307.5330,2.063497
1307.5331,2.150294
1307.5539,2.161068
1307.5540,1.986425
1307.5541,2.164458
1307.5542,1.987803
1307.5543,2.16451
1307.5544,2.174375
1307.5545,1.989455
1307.5546,2.234348
1307.5547,2.228126
1307.5548,2.234913
1307.5549,2.349174
1307.5550,2.196011
1307.5551,2.385244
1307.5552,2.360341
1307.5553,2.360836
1307.5554,2.234588
1307.5555,2.358373
1307.5556,2.188715
1307.5557,2.357931
1307.5558,2.396117
1307.5559,2.39408
1307.5560,2.131461
1307.5561,2.354766
1307.5562,2.356411
1307.5563,2.355577
1307.5564,2.219768
1307.5565,2.234495
1307.5566,2.141813
1307.5567,2.37934
1307.5568,2.253785
1307.5569,2.236947
1307.5570,2.200124
1307.5571,2.140592
1307.5572,2.388631
1307.5573,2.24722
1307.5574,2.253919
1307.5575,2.254043
1307.5576,2.253842
1307.5577,2.254085
1307.5578,2.253851
1307.5579,2.251744
1307.5580,2.251579
1307.5581,2.251306
1307.5582,2.254065
1307.5583,2.310771
1307.5584,2.169516
1307.5585,1.985097
1307.5586,2.082891
1307.5587,2.028402
1307.5588,2.099884
1307.5589,2.175739
1307.5590,2.175311
1307.5591,2.173679
1307.5592,2.17942
1307.5593,2.182143
1307.5594,1.999133
1307.5595,2.187507
1307.5596,2.106867
1307.5597,2.108418
1307.5605,2.229493
1307.5606,2.098133
1307.5607,2.132276
1307.5608,2.396075
1307.5609,2.539088
1307.5610,2.057053
1307.5611,2.369805
1307.5612,2.159599
1307.5613,2.034048
1307.5614,2.117613
1307.5615,2.278006
1307.5616,2.173496
1307.5617,2.371845
1307.5618,2.159999
1307.5619,2.165851
1307.5620,2.394644
1307.5621,2.400607
1307.5622,2.400643
1307.5623,2.407182
1307.5624,2.098688
1307.5625,2.196746
1307.5626,2.198399
1307.5627,2.07437
1307.5628,2.411696
1307.5629,2.226093
1307.5630,2.127731
1307.5631,2.231285
1307.5632,2.137486
1307.5633,2.312146
1307.5634,2.209947
1307.5635,2.188565
1307.5636,2.297247
1307.5637,2.007031
1307.5638,2.169531
1307.5639,2.321646
1307.5640,2.28163
1307.5642,1.7723
1307.5643,2.720381
1307.565,2.138838
1307.566,2.338483
1307.567,1.964542
1307.568,2.085132
1307.569,2.101457
1307.570,2.027987
1307.571,2.126386
1307.572,1.980569
1307.573,2.03769
1307.574,2.039332
1307.5743,1.920189
1307.5744,2.720381
1307.5747,1.7723
1307.575,2.064505
1307.5757,2.224862
1307.5758,2.166735
1307.5759,2.258559
1307.576,2.135156
1307.5760,2.156344
1307.5761,2.215082
1307.5762,2.29932
1307.5763,2.074728
1307.5764,2.287867
1307.5765,2.097918
1307.5766,2.22328
1307.577,2.049126
1307.578,2.128052
1307.579,2.146165
1307.580,2.15885
1307.581,1.992606
1307.582,2.158583
1307.583,2.048227
1307.584,2.048551
1307.585,2.078276
1307.5850,1.968291
1307.5851,2.113678
1307.5852,2.113845
1307.586,2.231471
1307.587,2.053977
1307.588,2.059899
1307.5888,2.060879
1307.5889,2.270207
1307.589,2.095942
1307.5893,2.147629
1307.590,2.087157
1307.591,2.120263
1307.5914,2.203815
1307.5915,2.099311
1307.5916,2.057677
1307.5917,2.096604
1307.5918,2.06459
1307.5919,2.087732
1307.592,2.036744
1307.5920,2.086867
1307.593,2.064556
1307.594,1.991947
1307.595,2.333991
1307.596,2.082023
1307.5967,2.15734
1307.5968,2.153448
1307.5969,2.09111
1307.597,2.206641
1307.5970,2.47083
1307.5971,2.16075
1307.5972,1.965037
1307.5973,1.88791
1307.5974,2.303988
1307.5975,2.16506
1307.5976,2.163861
1307.5977,2.252197
1307.5978,2.401363
1307.5979,2.10351
1307.598,2.098807
1307.5980,1.940272
1307.5981,2.400631
1307.5982,2.195792
1307.5983,2.214342
1307.5984,2.47124
1307.5985,2.348124
1307.5986,2.274194
1307.5987,2.026954
1307.5988,2.310078
1307.5989,2.302915
1307.599,2.166189
1307.5990,2.499729
1307.5991,2.032973
1307.5992,2.482403
1307.5997,2.10713
1307.5998,2.144915
1307.5999,2.14473
1307.600,2.037956
1307.6000,2.14345
1307.6001,2.143374
1307.6002,2.14342
1307.6003,2.14166
1307.6004,2.144796
1307.6005,2.143456
1307.601,2.029703
1307.602,2.057254
1307.603,1.981302
1307.604,2.241717
1307.605,2.087
1307.606,2.046967
1307.607,2.155563
1307.608,2.287666
1307.609,2.156093
1307.610,2.47058
1307.611,2.467221
1307.612,2.155819
1307.613,2.077648
1307.614,2.129392
1307.615,2.256259
1307.616,1.969676
1307.617,1.997573
1307.618,2.144688
1307.619,2.003766
1307.620,2.302206
1307.621,2.114317
1307.622,2.148752
1307.623,2.180411
1307.624,2.036907
1307.625,2.049236
1307.626,2.041048
1307.627,2.049069
1307.628,2.071148
1307.629,2.131992
1307.630,2.067039
1307.631,2.104356
1307.6316,1.989272
1307.6317,2.064264
1307.6318,2.084451
1307.6319,2.024281
1307.632,2.106804
1307.6320,2.014661
1307.6321,2.16999
1307.6322,2.154782
1307.6323,1.993512
1307.6324,2.039493
1307.6325,2.030142
1307.6326,1.989596
1307.6327,2.081787
1307.6328,2.087106
1307.6329,2.016335
1307.633,1.985928
1307.6330,2.076915
1307.6331,1.990904
1307.6332,2.163759
1307.6333,2.118118
1307.6334,1.993736
1307.6335,2.197868
1307.6336,2.047236
1307.6337,1.993931
1307.6338,2.027227
1307.6339,2.105243
1307.634,2.063777
1307.6340,1.967915
1307.6341,2.026163
1307.6342,1.97195
1307.6343,2.043644
1307.6344,2.02947
1307.6345,2.351311
1307.6346,2.000704
1307.6347,2.060177
1307.6348,1.97355
1307.6349,1.95523
1307.635,2.405544
1307.6350,1.969893
1307.6351,1.987578
1307.6352,1.982363
1307.6353,2.028172
1307.6354,1.955127
1307.6355,2.122847
1307.636,2.023255
1307.637,2.033421
1307.638,2.054188
1307.639,2.05821
1307.640,2.058849
1307.641,2.051402
1307.642,2.116469
1307.643,2.232067
1307.644,2.152784
1307.645,2.042593
1307.646,2.184988
1307.647,2.05655
1307.648,2.092829
1307.649,2.091212
1307.650,2.108017
1307.651,2.066596
1307.652,2.046534
1307.6521,2.340003
1307.6522,1.978597
1307.6523,2.05539
1307.6524,2.205694
1307.6525,2.07183
1307.6526,1.992398
1307.6527,2.076155
1307.6528,2.05342
1307.6529,2.208458
1307.653,2.036803
1307.6530,2.408625
1307.6531,2.344679
1307.6535,2.529191
1307.6536,2.375571
1307.6537,2.108436
1307.6538,2.144544
1307.6539,2.448532
1307.654,2.11032
1307.6540,2.219837
1307.6541,2.117829
1307.6542,2.393974
1307.6543,2.174946
1307.655,2.118791
1307.656,2.07757
1307.657,2.03262
1307.658,2.042528
1307.659,2.033352
1307.660,2.058806
1307.661,2.04317
1307.662,2.076552
1307.663,2.116913
1307.664,2.341702
1307.665,2.121263
1307.666,1.973937
1307.667,2.119689
1307.668,2.047105
1307.669,2.111983
1307.670,2.084332
1307.671,2.046743
1307.672,2.065345
1307.673,2.067674
1307.674,2.071725
1307.675,2.108262
1307.676,2.102333
1307.677,2.03092
1307.678,2.063165
1307.679,2.075313
1307.680,2.119269
1307.681,2.04763
1307.682,2.044311
1307.683,2.025395
1307.684,2.065694
1307.685,1.980039
1307.686,2.060304
1307.687,2.047926
1307.688,2.071289
1307.689,2.063057
1307.690,2.043238
1307.691,2.137279
1307.692,2.09582
1307.693,2.034257
1307.694,2.112477
1307.695,2.149409
1307.696,2.002095
1307.697,2.215891
1307.698,2.133392
1307.700,2.10839
1307.701,2.053476
1307.702,2.148017
1307.703,1.951976
1307.704,1.962275
1307.7046,2.151976
1307.705,2.150527
1307.706,2.058517
1307.707,2.137972
1307.708,2.048213
1307.709,2.015942
1307.710,2.05922
1307.711,2.102535
1307.712,2.046339
1307.713,2.134808
1307.714,2.093126
1307.715,2.095431
1307.716,2.043838
1307.717,2.058005
1307.718,2.038548
1307.719,2.077489
1307.720,2.043915
1307.721,2.033135
1307.722,2.048049
1307.723,2.024209
1307.724,1.993519
1307.725,2.051869
1307.726,2.053556
1307.727,2.057252
1307.728,2.050949
1307.729,2.062816
1307.730,2.053557
1307.731,2.041909
1307.732,2.043873
1307.733,2.025978
1307.734,2.026157
1307.735,2.028552
1307.736,2.032638
1307.737,1.961148
1307.738,2.057993
1307.739,2.057935
1307.740,2.070916
1307.741,2.365998
1307.742,2.031596
1307.743,2.045854
1307.744,2.082723
1307.745,2.058958
1307.746,2.055165
1307.747,2.235066
1307.748,2.150912
1307.749,2.193586
1307.750,2.060222
1307.751,2.062722
1307.752,2.058761
1307.753,1.997923
1307.754,2.272863
1307.755,2.057002
1307.756,2.057276
1307.757,2.057792
1307.758,2.058653
1307.759,2.285408
1307.760,2.244663
1307.761,2.047593
1307.762,2.083373
1307.763,2.057518
1307.764,2.040834
1307.765,2.322724
1307.766,2.117338
1307.767,2.150383
1307.768,2.21912
1307.769,2.110857
1307.770,2.208887
1307.771,2.116806
1307.772,2.076387
1307.773,2.031924
1307.774,2.020033
1307.775,2.168353
1307.776,2.047261
1307.777,2.053388
1307.778,2.089142
1307.779,2.053395
1307.780,2.037265
1307.781,2.040566
1307.782,2.162559
1307.783,2.31851
1307.784,2.183541
1307.785,2.062823
1307.786,2.036571
1307.787,2.065581
1307.788,2.062415
1307.789,2.256463
1307.790,1.963354
1307.791,2.063497
1307.792,2.056837
1307.793,2.15939
1307.794,2.170206
1307.795,2.004798
1307.796,2.102572
1307.797,2.056598
1307.798,2.040458
1307.799,2.195122
1307.800,2.067383
1307.801,2.058296
1307.802,2.052804
1307.803,2.069553
1307.804,2.046443
1307.805,2.047457
1307.806,2.284444
1307.807,2.215371
1307.808,2.15671
1307.809,2.154854
1307.810,2.003116
1307.811,2.053585
1307.812,2.069446
1307.813,2.110286
1307.814,2.04677
1307.815,2.458261
1307.816,2.121562
1307.817,2.033462
1307.818,2.038384
1307.819,2.053959
1307.820,2.073609
1307.821,2.069565
1307.822,2.03695
1307.823,2.046094
1307.824,2.244547
1307.825,2.080252
1307.826,2.098166
1307.827,2.037708
1307.828,2.06115
1307.829,2.083902
1307.830,2.08163
1307.831,2.206327
1307.832,2.118478
1307.833,2.367349
1307.834,2.172991
1307.835,2.112792
1307.836,2.061173
1307.837,2.037454
1307.838,2.076652
1307.839,2.062036
1307.840,2.081813
1307.841,2.129861
1307.842,2.155939
1307.843,2.115447
1307.844,2.09233
1307.845,2.032269
1307.846,2.138273
1307.847,2.032142
1307.848,2.158855
1307.849,2.156065
1307.850,1.976944
1307.851,2.015982
1307.852,2.048627
1307.853,2.047146
1307.854,2.06553
1307.855,2.058375
1307.856,2.161323
1307.857,2.136839
1307.858,1.985232
1307.859,2.051113
1307.860,2.213351
1307.861,2.0512
1307.862,2.070608
1307.863,1.992279
1307.864,2.040368
1307.865,2.086288
1307.866,2.041362
1307.867,2.095728
1307.868,2.037602
1307.869,2.045984
1307.870,2.114608
1307.871,2.054275
1307.872,2.041128
1307.873,2.036931
1307.874,2.032144
1307.875,2.059515
1307.876,2.095208
1307.877,2.042187
1307.878,2.079338
1307.879,2.053398
1307.880,2.086932
1307.881,2.058054
1307.882,2.03479
1307.883,2.042501
1307.884,2.07607
1307.885,2.058873
1307.886,2.225865
1307.887,2.166011
1307.888,2.039027
1307.889,2.448529
1307.890,2.088327
1307.891,2.154346
1307.892,2.110751
1307.893,1.981731
1307.894,2.058244
1307.895,1.991488
1307.896,2.059825
1307.897,2.05312
1307.898,2.047364
1307.899,2.047287
1307.90,2.06097
1307.900,2.093568
1307.901,2.048105
1307.902,2.069874
1307.903,2.041235
1307.904,2.15152
1307.905,2.249473
1307.906,2.030848
1307.907,2.14017
1307.908,2.128309
1307.909,2.037567
1307.91,2.047218
1307.910,2.068765
1307.911,2.049334
1307.912,2.048887
1307.913,2.047334
1307.914,2.114175
1307.915,1.980857
1307.916,2.166565
1307.917,2.01933
1307.918,2.159564
1307.919,2.0362
1307.92,2.085655
1307.920,2.056997
1307.921,2.076641
1307.922,1.990347
1307.923,2.127444
1307.924,2.076908
1307.925,2.002237
1307.926,2.260584
1307.927,2.019658
1307.928,2.143732
1307.929,2.081935
1307.93,2.166335
1307.930,2.360564
1307.931,2.023442
1307.932,2.038133
1307.933,2.052485
1307.934,2.101884
1307.935,2.097484
1307.936,2.118217
1307.937,2.281951
1307.938,2.154271
1307.939,2.450346
1307.94,1.990708
1307.940,2.160737
1307.941,2.33017
1307.942,2.02575
1307.943,1.963374
1307.944,2.11208
1307.945,2.059147
1307.946,2.046575
1307.947,2.178497
1307.948,2.037005
1307.949,2.047963
1307.95,2.15427
1307.950,2.247636
1307.951,2.043936
1307.952,2.138415
1307.953,2.283882
1307.954,2.082593
1307.955,2.031298
1307.956,2.031678
1307.957,2.042799
1307.958,2.061277
1307.959,2.083334
1307.96,2.082412
1307.960,2.160532
1307.961,2.149823
1307.962,2.077065
1307.963,2.033131
1307.964,2.041467
1307.965,2.072356
1307.966,2.031648
1307.967,2.091402
1307.968,1.97423
1307.969,2.199796
1307.97,2.042445
1307.970,2.04178
1307.971,2.122304
1307.972,2.050588
1307.973,2.052085
1307.974,2.046926
1307.975,2.045809
1307.976,2.263408
1307.977,2.228433
1307.978,2.056585
1307.979,2.054807
1307.98,2.102034
1307.980,2.081563
1307.981,2.041691
1307.982,2.226243
1307.983,2.181234
1307.984,2.047171
1307.985,2.317944
1307.986,2.115998
1307.987,2.031721
1307.988,1.957718
1307.989,2.03159
1307.99,2.059458
1307.990,2.038634
1307.991,2.122074
1307.992,2.088019
1307.993,2.106345
1321372.3,1.986332
1323687.3,2.451078
1323688.3,2.442791
1323689.3,2.297932
1323690.3,2.216781
1323691.3,2.44505
1323692.3,2.370083
1323693.3,2.349453
1323695.3,2.615702
1323696.3,2.591307
1323697.3,2.387877
1323698.3,2.467367
1323699.3,2.574681
1323700.3,2.578405
1323702.3,2.425967
1323704.3,2.294573
1323708.3,2.311796
1323709.3,2.024996
1340847.3,2.240234
1380773.3,2.043655
1380773.4,2.043655
1380773.5,2.043655
1380773.6,2.043655
1416913.4,2.089221
218494.6,2.007491
286604.5,2.143253
391296.8,2.095698
423211.3,2.038034
568813.3,2.095898
568814.3,2.170808
672190.3,1.640446
945704.3,2.137435
993512.3,2.038409
996306.3,2.390914
