1246365.4
1307.1655
1307.1819
1307.1820
1307.1858
1307.2543
1307.2544
1307.2545
1307.2691
1307.2695
1307.2696
1307.3549
1307.3552
1307.3561
1307.3562
1307.3563
1307.3571
1307.3590
1307.3663
1307.3664
1307.3665
1307.3666
1307.3667
1307.3668
1307.3669
1307.3670
1307.3911
1307.3933
1307.3942
1307.3944
1307.3954
1307.4934
1307.4949
1307.4950
1307.4966
1307.4985
1307.4990
1307.4999
1307.5050
1307.5053
1307.5056
1307.5058
1307.5059
1307.5061
1307.5069
1307.5074
1307.5076
1307.5080
1307.5082
1307.5083
1307.5084
1307.5085
1307.5086
1307.5089
1307.5090
1307.5092
1307.5094
1307.5096
1307.5127
1307.5301
1307.5303
1307.5305
1307.5309
1307.5315
1307.5323
1307.5544
1307.5583
1307.5851
1307.5852
1307.5967
1307.620
1307.891
1307.971
1307.986
1340847.3
1416913.4
945704.3
993512.3
